repName	total_blocks	solo_blocks	multi_blocks	total_te	solo_te	multi_te	solo_block_pct	multi_block_pct	solo_te_pct	multi_te_pct
Charlie7b_Mars	20.0	0.0	20.0	58.0	0.0	58.0	0.0	100.0	0.0	100.0
HERVH-int	1331.0	159.0	1172.0	5727.0	159.0	5568.0	11.95	88.05	2.78	97.22
Tigger1a_Art	154.0	10.0	144.0	308.0	10.0	298.0	6.49	93.51	3.25	96.75
LTR43-int	39.0	9.0	30.0	109.0	9.0	100.0	23.08	76.92	8.26	91.74
HERV30-int	31.0	6.0	25.0	70.0	6.0	64.0	19.35	80.65	8.57	91.43
HERVK9-int	261.0	60.0	201.0	658.0	60.0	598.0	22.99	77.01	9.12	90.88
Tigger1a_Mars	16.0	3.0	13.0	32.0	3.0	29.0	18.75	81.25	9.38	90.62
HERV3-int	95.0	27.0	68.0	281.0	27.0	254.0	28.42	71.58	9.61	90.39
HERVL74-int	128.0	41.0	87.0	376.0	41.0	335.0	32.03	67.97	10.9	89.1
LTR49-int	747.0	253.0	494.0	2169.0	253.0	1916.0	33.87	66.13	11.66	88.34
MER66-int	285.0	90.0	195.0	771.0	90.0	681.0	31.58	68.42	11.67	88.33
HUERS-P3b-int	180.0	63.0	117.0	535.0	63.0	472.0	35.0	65.0	11.78	88.22
MER101-int	413.0	140.0	273.0	1186.0	140.0	1046.0	33.9	66.1	11.8	88.2
L1MEf	4122.0	1352.0	2770.0	11226.0	1352.0	9874.0	32.8	67.2	12.04	87.96
MER92-int	338.0	120.0	218.0	993.0	120.0	873.0	35.5	64.5	12.08	87.92
HERVL18-int	166.0	62.0	104.0	507.0	62.0	445.0	37.35	62.65	12.23	87.77
HERVK22-int	174.0	52.0	122.0	425.0	52.0	373.0	29.89	70.11	12.24	87.76
MER4-int	918.0	356.0	562.0	2884.0	356.0	2528.0	38.78	61.22	12.34	87.66
HERVK14-int	139.0	48.0	91.0	379.0	48.0	331.0	34.53	65.47	12.66	87.34
L1M4b	1579.0	532.0	1047.0	4184.0	532.0	3652.0	33.69	66.31	12.72	87.28
LTR19-int	90.0	29.0	61.0	224.0	29.0	195.0	32.22	67.78	12.95	87.05
MER65-int	359.0	132.0	227.0	992.0	132.0	860.0	36.77	63.23	13.31	86.69
HERVS71-int	66.0	22.0	44.0	164.0	22.0	142.0	33.33	66.67	13.41	86.59
HERVK13-int	27.0	9.0	18.0	67.0	9.0	58.0	33.33	66.67	13.43	86.57
L1MDa	2597.0	924.0	1673.0	6720.0	924.0	5796.0	35.58	64.42	13.75	86.25
PRIMA41-int	178.0	67.0	111.0	479.0	67.0	412.0	37.64	62.36	13.99	86.01
HERVL66-int	52.0	17.0	35.0	121.0	17.0	104.0	32.69	67.31	14.05	85.95
L1MCa	2789.0	1023.0	1766.0	7120.0	1023.0	6097.0	36.68	63.32	14.37	85.63
L1M4c	1355.0	515.0	840.0	3581.0	515.0	3066.0	38.01	61.99	14.38	85.62
HERV17-int	359.0	134.0	225.0	909.0	134.0	775.0	37.33	62.67	14.74	85.26
HERVIP10B3-int	92.0	34.0	58.0	229.0	34.0	195.0	36.96	63.04	14.85	85.15
HERVP71A-int	77.0	29.0	48.0	195.0	29.0	166.0	37.66	62.34	14.87	85.13
MER61-int	473.0	179.0	294.0	1193.0	179.0	1014.0	37.84	62.16	15.0	85.0
LTR37-int	505.0	206.0	299.0	1362.0	206.0	1156.0	40.79	59.21	15.12	84.88
L1MEg	5296.0	1996.0	3300.0	13103.0	1996.0	11107.0	37.69	62.31	15.23	84.77
L1MEc	7182.0	2701.0	4481.0	17657.0	2701.0	14956.0	37.61	62.39	15.3	84.7
MER57A-int	715.0	290.0	425.0	1888.0	290.0	1598.0	40.56	59.44	15.36	84.64
HERVL40-int	531.0	208.0	323.0	1350.0	208.0	1142.0	39.17	60.83	15.41	84.59
HERVK3-int	127.0	49.0	78.0	315.0	49.0	266.0	38.58	61.42	15.56	84.44
LTR25-int	235.0	95.0	140.0	605.0	95.0	510.0	40.43	59.57	15.7	84.3
MER31-int	425.0	183.0	242.0	1148.0	183.0	965.0	43.06	56.94	15.94	84.06
MER51-int	225.0	96.0	129.0	598.0	96.0	502.0	42.67	57.33	16.05	83.95
HERV15-int	46.0	18.0	28.0	112.0	18.0	94.0	39.13	60.87	16.07	83.93
L1MDb	413.0	159.0	254.0	957.0	159.0	798.0	38.5	61.5	16.61	83.39
L1MD1	2604.0	1141.0	1463.0	6849.0	1141.0	5708.0	43.82	56.18	16.66	83.34
PABL_B-int	98.0	42.0	56.0	252.0	42.0	210.0	42.86	57.14	16.67	83.33
LTR53-int	147.0	59.0	88.0	344.0	59.0	285.0	40.14	59.86	17.15	82.85
LOR1-int	524.0	234.0	290.0	1362.0	234.0	1128.0	44.66	55.34	17.18	82.82
HERVH48-int	58.0	21.0	37.0	120.0	21.0	99.0	36.21	63.79	17.5	82.5
L1MEd	7200.0	2955.0	4245.0	16752.0	2955.0	13797.0	41.04	58.96	17.64	82.36
MER41-int	696.0	301.0	395.0	1693.0	301.0	1392.0	43.25	56.75	17.78	82.22
ERV24B_Prim-int	145.0	66.0	79.0	368.0	66.0	302.0	45.52	54.48	17.93	82.07
L1MCc	1410.0	577.0	833.0	3191.0	577.0	2614.0	40.92	59.08	18.08	81.92
MER83A-int	47.0	18.0	29.0	99.0	18.0	81.0	38.3	61.7	18.18	81.82
HERVK14C-int	41.0	15.0	26.0	81.0	15.0	66.0	36.59	63.41	18.52	81.48
ERVL-E-int	3867.0	1621.0	2246.0	8733.0	1621.0	7112.0	41.92	58.08	18.56	81.44
HERV1_I-int	21.0	9.0	12.0	48.0	9.0	39.0	42.86	57.14	18.75	81.25
MER4B-int	589.0	285.0	304.0	1520.0	285.0	1235.0	48.39	51.61	18.75	81.25
ERV24_Prim-int	178.0	78.0	100.0	415.0	78.0	337.0	43.82	56.18	18.8	81.2
Harlequin-int	226.0	101.0	125.0	525.0	101.0	424.0	44.69	55.31	19.24	80.76
HERVL32-int	54.0	23.0	31.0	119.0	23.0	96.0	42.59	57.41	19.33	80.67
MER57-int	497.0	236.0	261.0	1220.0	236.0	984.0	47.48	52.52	19.34	80.66
MER21-int	398.0	181.0	217.0	935.0	181.0	754.0	45.48	54.52	19.36	80.64
ERV3-16A3_I-int	2783.0	1209.0	1574.0	6228.0	1209.0	5019.0	43.44	56.56	19.41	80.59
MER76-int	65.0	29.0	36.0	147.0	29.0	118.0	44.62	55.38	19.73	80.27
HERVIP10F-int	133.0	60.0	73.0	300.0	60.0	240.0	45.11	54.89	20.0	80.0
HERV-Fc2-int	3.0	1.0	2.0	5.0	1.0	4.0	33.33	66.67	20.0	80.0
HERV35I-int	245.0	119.0	126.0	587.0	119.0	468.0	48.57	51.43	20.27	79.73
MER52-int	232.0	100.0	132.0	490.0	100.0	390.0	43.1	56.9	20.41	79.59
L1MCb	976.0	435.0	541.0	2120.0	435.0	1685.0	44.57	55.43	20.52	79.48
MER34B-int	258.0	128.0	130.0	623.0	128.0	495.0	49.61	50.39	20.55	79.45
LTR46-int	35.0	17.0	18.0	82.0	17.0	65.0	48.57	51.43	20.73	79.27
HUERS-P2-int	128.0	52.0	76.0	246.0	52.0	194.0	40.62	59.38	21.14	78.86
L1M2a	205.0	97.0	108.0	449.0	97.0	352.0	47.32	52.68	21.6	78.4
L1M3a	291.0	136.0	155.0	628.0	136.0	492.0	46.74	53.26	21.66	78.34
HAL1	10144.0	4558.0	5586.0	20988.0	4558.0	16430.0	44.93	55.07	21.72	78.28
HUERS-P1-int	236.0	112.0	124.0	513.0	112.0	401.0	47.46	52.54	21.83	78.17
HUERS-P3-int	276.0	146.0	130.0	666.0	146.0	520.0	52.9	47.1	21.92	78.08
HERVFH21-int	58.0	29.0	29.0	132.0	29.0	103.0	50.0	50.0	21.97	78.03
L1ME1	14081.0	6902.0	7179.0	31110.0	6902.0	24208.0	49.02	50.98	22.19	77.81
L1M3f	301.0	151.0	150.0	670.0	151.0	519.0	50.17	49.83	22.54	77.46
L1M3b	276.0	129.0	147.0	572.0	129.0	443.0	46.74	53.26	22.55	77.45
MER50-int	237.0	122.0	115.0	541.0	122.0	419.0	51.48	48.52	22.55	77.45
HERV4_I-int	159.0	78.0	81.0	344.0	78.0	266.0	49.06	50.94	22.67	77.33
PABL_A-int	192.0	100.0	92.0	440.0	100.0	340.0	52.08	47.92	22.73	77.27
HERVK11-int	131.0	65.0	66.0	285.0	65.0	220.0	49.62	50.38	22.81	77.19
ERVL-B4-int	1857.0	898.0	959.0	3888.0	898.0	2990.0	48.36	51.64	23.1	76.9
L1PA15-16	679.0	322.0	357.0	1386.0	322.0	1064.0	47.42	52.58	23.23	76.77
HERVK-int	132.0	57.0	75.0	241.0	57.0	184.0	43.18	56.82	23.65	76.35
MLT1G-int	103.0	43.0	60.0	181.0	43.0	138.0	41.75	58.25	23.76	76.24
ERVL47-int	78.0	41.0	37.0	172.0	41.0	131.0	52.56	47.44	23.84	76.16
L1MEi	2574.0	1253.0	1321.0	5225.0	1253.0	3972.0	48.68	51.32	23.98	76.02
MLT1H1-int	214.0	93.0	121.0	386.0	93.0	293.0	43.46	56.54	24.09	75.91
L1ME2	5902.0	3090.0	2812.0	12655.0	3090.0	9565.0	52.36	47.64	24.42	75.58
L1MEh	1496.0	741.0	755.0	2967.0	741.0	2226.0	49.53	50.47	24.97	75.03
MLT1E1-int	23.0	11.0	12.0	44.0	11.0	33.0	47.83	52.17	25.0	75.0
L1ME3F	2200.0	1144.0	1056.0	4544.0	1144.0	3400.0	52.0	48.0	25.18	74.82
L1P4a	279.0	136.0	143.0	538.0	136.0	402.0	48.75	51.25	25.28	74.72
HERVI-int	43.0	21.0	22.0	83.0	21.0	62.0	48.84	51.16	25.3	74.7
L1ME3D	1986.0	1061.0	925.0	4190.0	1061.0	3129.0	53.42	46.58	25.32	74.68
MLT1J1-int	261.0	120.0	141.0	471.0	120.0	351.0	45.98	54.02	25.48	74.52
L1M2c	225.0	114.0	111.0	447.0	114.0	333.0	50.67	49.33	25.5	74.5
L1M4a1	1268.0	660.0	608.0	2578.0	660.0	1918.0	52.05	47.95	25.6	74.4
L1PBa	1111.0	543.0	568.0	2106.0	543.0	1563.0	48.87	51.13	25.78	74.22
L1ME3B	3795.0	2055.0	1740.0	7962.0	2055.0	5907.0	54.15	45.85	25.81	74.19
MER70-int	124.0	65.0	59.0	251.0	65.0	186.0	52.42	47.58	25.9	74.1
L1MC3	6550.0	3421.0	3129.0	13066.0	3421.0	9645.0	52.23	47.77	26.18	73.82
MLT1J2-int	324.0	154.0	170.0	588.0	154.0	434.0	47.53	52.47	26.19	73.81
L1M3c	525.0	278.0	247.0	1061.0	278.0	783.0	52.95	47.05	26.2	73.8
L1ME3E	2151.0	1179.0	972.0	4451.0	1179.0	3272.0	54.81	45.19	26.49	73.51
MamGypsy2-I	1178.0	608.0	570.0	2281.0	608.0	1673.0	51.61	48.39	26.65	73.35
MER97b	94.0	46.0	48.0	171.0	46.0	125.0	48.94	51.06	26.9	73.1
L1M3de	246.0	130.0	116.0	479.0	130.0	349.0	52.85	47.15	27.14	72.86
L1M8	864.0	455.0	409.0	1662.0	455.0	1207.0	52.66	47.34	27.38	72.62
MER110-int	213.0	112.0	101.0	401.0	112.0	289.0	52.58	47.42	27.93	72.07
HERV16-int	973.0	525.0	448.0	1867.0	525.0	1342.0	53.96	46.04	28.12	71.88
L1MB7	11722.0	6521.0	5201.0	23005.0	6521.0	16484.0	55.63	44.37	28.35	71.65
MLT1B-int	304.0	155.0	149.0	546.0	155.0	391.0	50.99	49.01	28.39	71.61
L1MD2	5470.0	3079.0	2391.0	10834.0	3079.0	7755.0	56.29	43.71	28.42	71.58
MSTA1-int	16.0	8.0	8.0	28.0	8.0	20.0	50.0	50.0	28.57	71.43
L1MEj	1266.0	682.0	584.0	2374.0	682.0	1692.0	53.87	46.13	28.73	71.27
MLT1I-int	460.0	228.0	232.0	792.0	228.0	564.0	49.57	50.43	28.79	71.21
L1MEb	904.0	487.0	417.0	1688.0	487.0	1201.0	53.87	46.13	28.85	71.15
L1M7	1602.0	868.0	734.0	2993.0	868.0	2125.0	54.18	45.82	29.0	71.0
MER68-int	203.0	111.0	92.0	381.0	111.0	270.0	54.68	45.32	29.13	70.87
L1MEg1	494.0	280.0	214.0	960.0	280.0	680.0	56.68	43.32	29.17	70.83
L1M4a2	998.0	579.0	419.0	1982.0	579.0	1403.0	58.02	41.98	29.21	70.79
L1MC4	12811.0	6827.0	5984.0	23341.0	6827.0	16514.0	53.29	46.71	29.25	70.75
MLT1G3-int	128.0	68.0	60.0	231.0	68.0	163.0	53.12	46.88	29.44	70.56
L1ME3C	1698.0	955.0	743.0	3230.0	955.0	2275.0	56.24	43.76	29.57	70.43
MER57E3	147.0	75.0	72.0	253.0	75.0	178.0	51.02	48.98	29.64	70.36
L1PB1	7157.0	3837.0	3320.0	12903.0	3837.0	9066.0	53.61	46.39	29.74	70.26
L1M3e	414.0	234.0	180.0	768.0	234.0	534.0	56.52	43.48	30.47	69.53
L1MA4A	3206.0	1890.0	1316.0	6131.0	1890.0	4241.0	58.95	41.05	30.83	69.17
L1ME3	4775.0	2786.0	1989.0	9015.0	2786.0	6229.0	58.35	41.65	30.9	69.1
MLT1H2-int	203.0	109.0	94.0	346.0	109.0	237.0	53.69	46.31	31.5	68.5
L1MEg2	390.0	226.0	164.0	714.0	226.0	488.0	57.95	42.05	31.65	68.35
L1MC2	3357.0	1987.0	1370.0	6258.0	1987.0	4271.0	59.19	40.81	31.75	68.25
L1M4	10685.0	6269.0	4416.0	19679.0	6269.0	13410.0	58.67	41.33	31.86	68.14
L1ME3Cz	7577.0	4487.0	3090.0	14080.0	4487.0	9593.0	59.22	40.78	31.87	68.13
L1ME3A	8473.0	5031.0	3442.0	15752.0	5031.0	10721.0	59.38	40.62	31.94	68.06
MLT1A0-int	555.0	297.0	258.0	930.0	297.0	633.0	53.51	46.49	31.94	68.06
L1MB1	3336.0	1954.0	1382.0	6098.0	1954.0	4144.0	58.57	41.43	32.04	67.96
LTR52-int	98.0	54.0	44.0	168.0	54.0	114.0	55.1	44.9	32.14	67.86
MER21A	1178.0	627.0	551.0	1942.0	627.0	1315.0	53.23	46.77	32.29	67.71
Tigger3b	3679.0	2017.0	1662.0	6228.0	2017.0	4211.0	54.82	45.18	32.39	67.61
L1M1	5405.0	3192.0	2213.0	9748.0	3192.0	6556.0	59.06	40.94	32.75	67.25
L1MB8	8930.0	5405.0	3525.0	16470.0	5405.0	11065.0	60.53	39.47	32.82	67.18
HAL1M8	1202.0	708.0	494.0	2152.0	708.0	1444.0	58.9	41.1	32.9	67.1
L1MEa	197.0	117.0	80.0	354.0	117.0	237.0	59.39	40.61	33.05	66.95
L1MB5	5362.0	3206.0	2156.0	9674.0	3206.0	6468.0	59.79	40.21	33.14	66.86
LTR23-int	101.0	64.0	37.0	193.0	64.0	129.0	63.37	36.63	33.16	66.84
L1M6	3106.0	1779.0	1327.0	5354.0	1779.0	3575.0	57.28	42.72	33.23	66.77
L1MA3	4810.0	2928.0	1882.0	8807.0	2928.0	5879.0	60.87	39.13	33.25	66.75
PRIMAX-int	36.0	24.0	12.0	72.0	24.0	48.0	66.67	33.33	33.33	66.67
MLT1E-int	8.0	4.0	4.0	12.0	4.0	8.0	50.0	50.0	33.33	66.67
L1MB2	4890.0	2974.0	1916.0	8852.0	2974.0	5878.0	60.82	39.18	33.6	66.4
MER34-int	212.0	134.0	78.0	398.0	134.0	264.0	63.21	36.79	33.67	66.33
MLT1C2-int	256.0	145.0	111.0	430.0	145.0	285.0	56.64	43.36	33.72	66.28
MER89-int	367.0	228.0	139.0	675.0	228.0	447.0	62.13	37.87	33.78	66.22
L1MC4a	5500.0	3311.0	2189.0	9788.0	3311.0	6477.0	60.2	39.8	33.83	66.17
MLT1C-int	69.0	40.0	29.0	118.0	40.0	78.0	57.97	42.03	33.9	66.1
L1MA9	9315.0	5561.0	3754.0	16372.0	5561.0	10811.0	59.7	40.3	33.97	66.03
MLT1F2-int	184.0	107.0	77.0	311.0	107.0	204.0	58.15	41.85	34.41	65.59
MER97a	168.0	96.0	72.0	279.0	96.0	183.0	57.14	42.86	34.41	65.59
L1MC1	7190.0	4522.0	2668.0	12930.0	4522.0	8408.0	62.89	37.11	34.97	65.03
MER97d	84.0	48.0	36.0	137.0	48.0	89.0	57.14	42.86	35.04	64.96
LTR39	749.0	426.0	323.0	1215.0	426.0	789.0	56.88	43.12	35.06	64.94
MLT1A-int	268.0	156.0	112.0	442.0	156.0	286.0	58.21	41.79	35.29	64.71
MLT1G1-int	179.0	105.0	74.0	296.0	105.0	191.0	58.66	41.34	35.47	64.53
Ricksha_b	72.0	42.0	30.0	118.0	42.0	76.0	58.33	41.67	35.59	64.41
Looper	310.0	189.0	121.0	525.0	189.0	336.0	60.97	39.03	36.0	64.0
L1MA6	3187.0	1977.0	1210.0	5469.0	1977.0	3492.0	62.03	37.97	36.15	63.85
L1P4d	94.0	58.0	36.0	160.0	58.0	102.0	61.7	38.3	36.25	63.75
L1MB4	5197.0	3331.0	1866.0	9061.0	3331.0	5730.0	64.09	35.91	36.76	63.24
L1ME2z	4135.0	2670.0	1465.0	7239.0	2670.0	4569.0	64.57	35.43	36.88	63.12
MER84-int	80.0	52.0	28.0	141.0	52.0	89.0	65.0	35.0	36.88	63.12
L1MA5	2553.0	1632.0	921.0	4421.0	1632.0	2789.0	63.92	36.08	36.91	63.09
L1MA2	4283.0	2750.0	1533.0	7448.0	2750.0	4698.0	64.21	35.79	36.92	63.08
ERVL-int	485.0	301.0	184.0	815.0	301.0	514.0	62.06	37.94	36.93	63.07
MER97c	134.0	78.0	56.0	211.0	78.0	133.0	58.21	41.79	36.97	63.03
LTR82B	735.0	426.0	309.0	1147.0	426.0	721.0	57.96	42.04	37.14	62.86
HERVFH19-int	61.0	39.0	22.0	105.0	39.0	66.0	63.93	36.07	37.14	62.86
MSTD-int	458.0	270.0	188.0	726.0	270.0	456.0	58.95	41.05	37.19	62.81
L1MC5a	10439.0	6515.0	3924.0	17513.0	6515.0	10998.0	62.41	37.59	37.2	62.8
HERVL-int	1449.0	862.0	587.0	2317.0	862.0	1455.0	59.49	40.51	37.2	62.8
MER83B-int	144.0	99.0	45.0	266.0	99.0	167.0	68.75	31.25	37.22	62.78
Tigger1	7206.0	4456.0	2750.0	11912.0	4456.0	7456.0	61.84	38.16	37.41	62.59
L1MC5	8456.0	5307.0	3149.0	14180.0	5307.0	8873.0	62.76	37.24	37.43	62.57
HERVIP10FH-int	243.0	151.0	92.0	403.0	151.0	252.0	62.14	37.86	37.47	62.53
MLT2A1	2449.0	1415.0	1034.0	3742.0	1415.0	2327.0	57.78	42.22	37.81	62.19
MLT1A1-int	290.0	171.0	119.0	451.0	171.0	280.0	58.97	41.03	37.92	62.08
L1M3d	310.0	197.0	113.0	518.0	197.0	321.0	63.55	36.45	38.03	61.97
L1MB3	10435.0	6571.0	3864.0	17223.0	6571.0	10652.0	62.97	37.03	38.15	61.85
LTR78	3064.0	1819.0	1245.0	4761.0	1819.0	2942.0	59.37	40.63	38.21	61.79
MLT1D-int	351.0	215.0	136.0	561.0	215.0	346.0	61.25	38.75	38.32	61.68
HERV9-int	229.0	133.0	96.0	346.0	133.0	213.0	58.08	41.92	38.44	61.56
MER63C	572.0	344.0	228.0	895.0	344.0	551.0	60.14	39.86	38.44	61.56
MER4D	840.0	505.0	335.0	1311.0	505.0	806.0	60.12	39.88	38.52	61.48
MamGyp-int	419.0	261.0	158.0	674.0	261.0	413.0	62.29	37.71	38.72	61.28
MER67C	1074.0	641.0	433.0	1653.0	641.0	1012.0	59.68	40.32	38.78	61.22
Charlie21a	475.0	292.0	183.0	753.0	292.0	461.0	61.47	38.53	38.78	61.22
MSTB1-int	132.0	78.0	54.0	201.0	78.0	123.0	59.09	40.91	38.81	61.19
Tigger6a	433.0	262.0	171.0	672.0	262.0	410.0	60.51	39.49	38.99	61.01
LTR41B	554.0	330.0	224.0	845.0	330.0	515.0	59.57	40.43	39.05	60.95
L1PBb	195.0	126.0	69.0	319.0	126.0	193.0	64.62	35.38	39.5	60.5
MLT1F1-int	103.0	63.0	40.0	158.0	63.0	95.0	61.17	38.83	39.87	60.13
LTR102_Mam	335.0	204.0	131.0	510.0	204.0	306.0	60.9	39.1	40.0	60.0
L1PB3	2207.0	1433.0	774.0	3567.0	1433.0	2134.0	64.93	35.07	40.17	59.83
HERV9N-int	142.0	86.0	56.0	214.0	86.0	128.0	60.56	39.44	40.19	59.81
LTR83	472.0	291.0	181.0	718.0	291.0	427.0	61.65	38.35	40.53	59.47
L1PBa1	287.0	180.0	107.0	444.0	180.0	264.0	62.72	37.28	40.54	59.46
L1M2a1	80.0	52.0	28.0	128.0	52.0	76.0	65.0	35.0	40.62	59.38
Charlie1a	3564.0	2305.0	1259.0	5674.0	2305.0	3369.0	64.67	35.33	40.62	59.38
MLT1J-int	923.0	583.0	340.0	1435.0	583.0	852.0	63.16	36.84	40.63	59.37
MER4D1	993.0	619.0	374.0	1515.0	619.0	896.0	62.34	37.66	40.86	59.14
L1MA4	6093.0	4083.0	2010.0	9981.0	4083.0	5898.0	67.01	32.99	40.91	59.09
LTR70	100.0	63.0	37.0	154.0	63.0	91.0	63.0	37.0	40.91	59.09
MER65D	297.0	180.0	117.0	437.0	180.0	257.0	60.61	39.39	41.19	58.81
MLT1H-int	513.0	330.0	183.0	797.0	330.0	467.0	64.33	35.67	41.41	58.59
L1P4e	123.0	79.0	44.0	190.0	79.0	111.0	64.23	35.77	41.58	58.42
Charlie6	167.0	109.0	58.0	261.0	109.0	152.0	65.27	34.73	41.76	58.24
LTR38C	86.0	54.0	32.0	129.0	54.0	75.0	62.79	37.21	41.86	58.14
L1MA8	6840.0	4569.0	2271.0	10912.0	4569.0	6343.0	66.8	33.2	41.87	58.13
LTR38-int	71.0	46.0	25.0	109.0	46.0	63.0	64.79	35.21	42.2	57.8
L1PA15	5309.0	3505.0	1804.0	8298.0	3505.0	4793.0	66.02	33.98	42.24	57.76
HAL1b	2760.0	1847.0	913.0	4368.0	1847.0	2521.0	66.92	33.08	42.28	57.72
L1ME4b	15590.0	10293.0	5297.0	24298.0	10293.0	14005.0	66.02	33.98	42.36	57.64
LTR7	1658.0	989.0	669.0	2332.0	989.0	1343.0	59.65	40.35	42.41	57.59
LTR24C	244.0	159.0	85.0	373.0	159.0	214.0	65.16	34.84	42.63	57.37
LTR82A	694.0	440.0	254.0	1032.0	440.0	592.0	63.4	36.6	42.64	57.36
L1M2	5627.0	3774.0	1853.0	8834.0	3774.0	5060.0	67.07	32.93	42.72	57.28
MamRep1527	860.0	541.0	319.0	1266.0	541.0	725.0	62.91	37.09	42.73	57.27
LTR7Y	177.0	106.0	71.0	248.0	106.0	142.0	59.89	40.11	42.74	57.26
MLT1L-int	71.0	45.0	26.0	105.0	45.0	60.0	63.38	36.62	42.86	57.14
LTR35	71.0	45.0	26.0	105.0	45.0	60.0	63.38	36.62	42.86	57.14
L1ME3G	11976.0	8013.0	3963.0	18580.0	8013.0	10567.0	66.91	33.09	43.13	56.87
LTR84a	458.0	291.0	167.0	674.0	291.0	383.0	63.54	36.46	43.18	56.82
MER44B	1490.0	920.0	570.0	2127.0	920.0	1207.0	61.74	38.26	43.25	56.75
HERV9NC-int	177.0	109.0	68.0	252.0	109.0	143.0	61.58	38.42	43.25	56.75
HERVKC4-int	35.0	26.0	9.0	60.0	26.0	34.0	74.29	25.71	43.33	56.67
L1MA7	5451.0	3668.0	1783.0	8418.0	3668.0	4750.0	67.29	32.71	43.57	56.43
LTR78B	2183.0	1415.0	768.0	3229.0	1415.0	1814.0	64.82	35.18	43.82	56.18
L1PA16	9173.0	6141.0	3032.0	13967.0	6141.0	7826.0	66.95	33.05	43.97	56.03
MER6	538.0	347.0	191.0	788.0	347.0	441.0	64.5	35.5	44.04	55.96
MLT1E2-int	84.0	56.0	28.0	127.0	56.0	71.0	66.67	33.33	44.09	55.91
MER34D	173.0	112.0	61.0	252.0	112.0	140.0	64.74	35.26	44.44	55.56
MLT2D	3074.0	1953.0	1121.0	4392.0	1953.0	2439.0	63.53	36.47	44.47	55.53
MER49	897.0	591.0	306.0	1328.0	591.0	737.0	65.89	34.11	44.5	55.5
MER34C2	385.0	260.0	125.0	584.0	260.0	324.0	67.53	32.47	44.52	55.48
L1MA1	2690.0	1872.0	818.0	4203.0	1872.0	2331.0	69.59	30.41	44.54	55.46
L1P4b	99.0	65.0	34.0	145.0	65.0	80.0	65.66	34.34	44.83	55.17
MER21C	3703.0	2438.0	1265.0	5412.0	2438.0	2974.0	65.84	34.16	45.05	54.95
L1PB2	1883.0	1287.0	596.0	2855.0	1287.0	1568.0	68.35	31.65	45.08	54.92
MLT1E	636.0	412.0	224.0	910.0	412.0	498.0	64.78	35.22	45.27	54.73
LTR41	777.0	513.0	264.0	1132.0	513.0	619.0	66.02	33.98	45.32	54.68
MSTB2-int	61.0	40.0	21.0	88.0	40.0	48.0	65.57	34.43	45.45	54.55
MER44D	440.0	285.0	155.0	626.0	285.0	341.0	64.77	35.23	45.53	54.47
Charlie29a	681.0	446.0	235.0	973.0	446.0	527.0	65.49	34.51	45.84	54.16
MER34A1	538.0	355.0	183.0	771.0	355.0	416.0	65.99	34.01	46.04	53.96
LTR58	53.0	35.0	18.0	76.0	35.0	41.0	66.04	33.96	46.05	53.95
MLT1F-int	351.0	240.0	111.0	520.0	240.0	280.0	68.38	31.62	46.15	53.85
MER92B	555.0	373.0	182.0	808.0	373.0	435.0	67.21	32.79	46.16	53.84
HAL1ME	4909.0	3364.0	1545.0	7280.0	3364.0	3916.0	68.53	31.47	46.21	53.79
LTR26C	213.0	142.0	71.0	307.0	142.0	165.0	66.67	33.33	46.25	53.75
MLT1E3-int	47.0	31.0	16.0	67.0	31.0	36.0	65.96	34.04	46.27	53.73
Charlie11	72.0	50.0	22.0	108.0	50.0	58.0	69.44	30.56	46.3	53.7
MLT1E1A	2399.0	1557.0	842.0	3363.0	1557.0	1806.0	64.9	35.1	46.3	53.7
L1MA5A	2248.0	1583.0	665.0	3416.0	1583.0	1833.0	70.42	29.58	46.34	53.66
L1MD3	3492.0	2476.0	1016.0	5331.0	2476.0	2855.0	70.9	29.1	46.45	53.55
LTR37B	1416.0	937.0	479.0	2017.0	937.0	1080.0	66.17	33.83	46.46	53.54
HERVK11D-int	30.0	20.0	10.0	43.0	20.0	23.0	66.67	33.33	46.51	53.49
LTR84b	841.0	558.0	283.0	1192.0	558.0	634.0	66.35	33.65	46.81	53.19
THE1A	3025.0	1967.0	1058.0	4197.0	1967.0	2230.0	65.02	34.98	46.87	53.13
LTR24B	314.0	210.0	104.0	447.0	210.0	237.0	66.88	33.12	46.98	53.02
HERVE_a-int	128.0	88.0	40.0	187.0	88.0	99.0	68.75	31.25	47.06	52.94
LTR60B	178.0	118.0	60.0	250.0	118.0	132.0	66.29	33.71	47.2	52.8
MLT2B4	3190.0	2120.0	1070.0	4440.0	2120.0	2320.0	66.46	33.54	47.75	52.25
MER67B	339.0	229.0	110.0	478.0	229.0	249.0	67.55	32.45	47.91	52.09
LTR39-int	116.0	84.0	32.0	175.0	84.0	91.0	72.41	27.59	48.0	52.0
L1ME4a	20262.0	14041.0	6221.0	29247.0	14041.0	15206.0	69.3	30.7	48.01	51.99
MER72B	129.0	87.0	42.0	181.0	87.0	94.0	67.44	32.56	48.07	51.93
MLT1E1A-int	58.0	39.0	19.0	81.0	39.0	42.0	67.24	32.76	48.15	51.85
HSMAR2	1235.0	855.0	380.0	1773.0	855.0	918.0	69.23	30.77	48.22	51.78
Tigger3	784.0	544.0	240.0	1127.0	544.0	583.0	69.39	30.61	48.27	51.73
MLT2C2	940.0	639.0	301.0	1321.0	639.0	682.0	67.98	32.02	48.37	51.63
MER50	1773.0	1200.0	573.0	2480.0	1200.0	1280.0	67.68	32.32	48.39	51.61
HERVE-int	180.0	130.0	50.0	268.0	130.0	138.0	72.22	27.78	48.51	51.49
LTR57-int	211.0	154.0	57.0	317.0	154.0	163.0	72.99	27.01	48.58	51.42
MER41C	578.0	401.0	177.0	820.0	401.0	419.0	69.38	30.62	48.9	51.1
Charlie25	729.0	526.0	203.0	1075.0	526.0	549.0	72.15	27.85	48.93	51.07
MSTB-int	628.0	427.0	201.0	870.0	427.0	443.0	67.99	32.01	49.08	50.92
MLT2B1	3203.0	2173.0	1030.0	4419.0	2173.0	2246.0	67.84	32.16	49.17	50.83
MER92C	91.0	61.0	30.0	124.0	61.0	63.0	67.03	32.97	49.19	50.81
MLT1-int	179.0	123.0	56.0	250.0	123.0	127.0	68.72	31.28	49.2	50.8
LTR44	149.0	103.0	46.0	209.0	103.0	106.0	69.13	30.87	49.28	50.72
LTR50	1842.0	1260.0	582.0	2553.0	1260.0	1293.0	68.4	31.6	49.35	50.65
L1PA12	1241.0	873.0	368.0	1768.0	873.0	895.0	70.35	29.65	49.38	50.62
MLT1E1	758.0	519.0	239.0	1050.0	519.0	531.0	68.47	31.53	49.43	50.57
L1M3	4993.0	3549.0	1444.0	7176.0	3549.0	3627.0	71.08	28.92	49.46	50.54
Charlie13a	384.0	271.0	113.0	547.0	271.0	276.0	70.57	29.43	49.54	50.46
LTR40A1	412.0	279.0	133.0	563.0	279.0	284.0	67.72	32.28	49.56	50.44
L1M5	30616.0	21940.0	8676.0	44212.0	21940.0	22272.0	71.66	28.34	49.62	50.38
LTR26B	96.0	67.0	29.0	135.0	67.0	68.0	69.79	30.21	49.63	50.37
L1ME5	2333.0	1677.0	656.0	3377.0	1677.0	1700.0	71.88	28.12	49.66	50.34
LTR62	226.0	157.0	69.0	316.0	157.0	159.0	69.47	30.53	49.68	50.32
LTR64	261.0	181.0	80.0	364.0	181.0	183.0	69.35	30.65	49.73	50.27
MSTC-int	131.0	91.0	40.0	183.0	91.0	92.0	69.47	30.53	49.73	50.27
MER65B	144.0	99.0	45.0	199.0	99.0	100.0	68.75	31.25	49.75	50.25
Cheshire	667.0	490.0	177.0	984.0	490.0	494.0	73.46	26.54	49.8	50.2
MER4CL34	614.0	420.0	194.0	841.0	420.0	421.0	68.4	31.6	49.94	50.06
Tigger2	1914.0	1371.0	543.0	2743.0	1371.0	1372.0	71.63	28.37	49.98	50.02
MER9B	24.0	16.0	8.0	32.0	16.0	16.0	66.67	33.33	50.0	50.0
HERV-Fc2_LTR	3.0	2.0	1.0	4.0	2.0	2.0	66.67	33.33	50.0	50.0
MER65A	994.0	692.0	302.0	1382.0	692.0	690.0	69.62	30.38	50.07	49.93
LTR25	218.0	150.0	68.0	299.0	150.0	149.0	68.81	31.19	50.17	49.83
MER21B	1978.0	1372.0	606.0	2734.0	1372.0	1362.0	69.36	30.64	50.18	49.82
LTR41C	539.0	374.0	165.0	745.0	374.0	371.0	69.39	30.61	50.2	49.8
MER54A	514.0	351.0	163.0	699.0	351.0	348.0	68.29	31.71	50.21	49.79
PRIMA4-int	275.0	213.0	62.0	424.0	213.0	211.0	77.45	22.55	50.24	49.76
LTR26D	132.0	95.0	37.0	189.0	95.0	94.0	71.97	28.03	50.26	49.74
LTR81B	829.0	576.0	253.0	1145.0	576.0	569.0	69.48	30.52	50.31	49.69
Ricksha	289.0	207.0	82.0	411.0	207.0	204.0	71.63	28.37	50.36	49.64
MER34B	481.0	332.0	149.0	659.0	332.0	327.0	69.02	30.98	50.38	49.62
MER39	2375.0	1663.0	712.0	3270.0	1663.0	1607.0	70.02	29.98	50.86	49.14
L1PA8A	1716.0	1219.0	497.0	2394.0	1219.0	1175.0	71.04	28.96	50.92	49.08
Charlie17b	366.0	267.0	99.0	522.0	267.0	255.0	72.95	27.05	51.15	48.85
Charlie2b	2509.0	1820.0	689.0	3555.0	1820.0	1735.0	72.54	27.46	51.2	48.8
MER45B	935.0	668.0	267.0	1302.0	668.0	634.0	71.44	28.56	51.31	48.69
L1PA14	2133.0	1547.0	586.0	3009.0	1547.0	1462.0	72.53	27.47	51.41	48.59
MLT1K-int	145.0	102.0	43.0	198.0	102.0	96.0	70.34	29.66	51.52	48.48
LTR47A2	179.0	129.0	50.0	250.0	129.0	121.0	72.07	27.93	51.6	48.4
MLT1G3	2012.0	1413.0	599.0	2738.0	1413.0	1325.0	70.23	29.77	51.61	48.39
L1PA17	3286.0	2449.0	837.0	4724.0	2449.0	2275.0	74.53	25.47	51.84	48.16
L1PB4	5199.0	3828.0	1371.0	7374.0	3828.0	3546.0	73.63	26.37	51.91	48.09
LTR34	191.0	136.0	55.0	262.0	136.0	126.0	71.2	28.8	51.91	48.09
LTR108b_Mam	39.0	27.0	12.0	52.0	27.0	25.0	69.23	30.77	51.92	48.08
MER4E1	749.0	540.0	209.0	1039.0	540.0	499.0	72.1	27.9	51.97	48.03
L2a	118279.0	86070.0	32209.0	165333.0	86070.0	79263.0	72.77	27.23	52.06	47.94
MLT1G	2088.0	1476.0	612.0	2835.0	1476.0	1359.0	70.69	29.31	52.06	47.94
MLT1F1	2309.0	1633.0	676.0	3133.0	1633.0	1500.0	70.72	29.28	52.12	47.88
MER34A	1095.0	773.0	322.0	1480.0	773.0	707.0	70.59	29.41	52.23	47.77
MER89	1023.0	722.0	301.0	1378.0	722.0	656.0	70.58	29.42	52.39	47.61
LTR2C	225.0	159.0	66.0	303.0	159.0	144.0	70.67	29.33	52.48	47.52
Tigger17a	1759.0	1248.0	511.0	2373.0	1248.0	1125.0	70.95	29.05	52.59	47.41
MER39B	876.0	629.0	247.0	1196.0	629.0	567.0	71.8	28.2	52.59	47.41
BLACKJACK	1491.0	1127.0	364.0	2141.0	1127.0	1014.0	75.59	24.41	52.64	47.36
LTR106_Mam	467.0	330.0	137.0	625.0	330.0	295.0	70.66	29.34	52.8	47.2
LTR23	620.0	449.0	171.0	850.0	449.0	401.0	72.42	27.58	52.82	47.18
MER67A	335.0	245.0	90.0	463.0	245.0	218.0	73.13	26.87	52.92	47.08
L1MD	5853.0	4359.0	1494.0	8231.0	4359.0	3872.0	74.47	25.53	52.96	47.04
Charlie1	1340.0	995.0	345.0	1877.0	995.0	882.0	74.25	25.75	53.01	46.99
MER110A	466.0	330.0	136.0	622.0	330.0	292.0	70.82	29.18	53.05	46.95
L1M2b	147.0	112.0	35.0	211.0	112.0	99.0	76.19	23.81	53.08	46.92
LTR45	130.0	92.0	38.0	173.0	92.0	81.0	70.77	29.23	53.18	46.82
MER41D	343.0	246.0	97.0	462.0	246.0	216.0	71.72	28.28	53.25	46.75
L1PREC2	5657.0	4202.0	1455.0	7880.0	4202.0	3678.0	74.28	25.72	53.32	46.68
LTR54	820.0	595.0	225.0	1115.0	595.0	520.0	72.56	27.44	53.36	46.64
MLT2B3	2415.0	1742.0	673.0	3264.0	1742.0	1522.0	72.13	27.87	53.37	46.63
L1PA13	6406.0	4748.0	1658.0	8856.0	4748.0	4108.0	74.12	25.88	53.61	46.39
L4_A_Mam	4676.0	3480.0	1196.0	6482.0	3480.0	3002.0	74.42	25.58	53.69	46.31
LTR32	886.0	652.0	234.0	1213.0	652.0	561.0	73.59	26.41	53.75	46.25
MLT2C1	1935.0	1396.0	539.0	2592.0	1396.0	1196.0	72.14	27.86	53.86	46.14
Kanga2_a	1110.0	819.0	291.0	1520.0	819.0	701.0	73.78	26.22	53.88	46.12
MSTA-int	2302.0	1656.0	646.0	3062.0	1656.0	1406.0	71.94	28.06	54.08	45.92
Tigger18a	934.0	680.0	254.0	1254.0	680.0	574.0	72.81	27.19	54.23	45.77
LTR43	296.0	217.0	79.0	400.0	217.0	183.0	73.31	26.69	54.25	45.75
L1PA11	2999.0	2238.0	761.0	4123.0	2238.0	1885.0	74.62	25.38	54.28	45.72
LTR49	1134.0	818.0	316.0	1506.0	818.0	688.0	72.13	27.87	54.32	45.68
MLT1H2	3561.0	2559.0	1002.0	4710.0	2559.0	2151.0	71.86	28.14	54.33	45.67
MER84	259.0	187.0	72.0	344.0	187.0	157.0	72.2	27.8	54.36	45.64
Charlie2a	1462.0	1108.0	354.0	2038.0	1108.0	930.0	75.79	24.21	54.37	45.63
Tigger9b	558.0	409.0	149.0	752.0	409.0	343.0	73.3	26.7	54.39	45.61
MamGypLTR1a	818.0	587.0	231.0	1078.0	587.0	491.0	71.76	28.24	54.45	45.55
MLT2B2	1645.0	1184.0	461.0	2173.0	1184.0	989.0	71.98	28.02	54.49	45.51
MER72	579.0	422.0	157.0	774.0	422.0	352.0	72.88	27.12	54.52	45.48
MLT1H1	2692.0	1949.0	743.0	3571.0	1949.0	1622.0	72.4	27.6	54.58	45.42
LTR8B	1190.0	876.0	314.0	1604.0	876.0	728.0	73.61	26.39	54.61	45.39
LTR46	187.0	135.0	52.0	247.0	135.0	112.0	72.19	27.81	54.66	45.34
MER4E	537.0	389.0	148.0	711.0	389.0	322.0	72.44	27.56	54.71	45.29
EutTc1-N1	39.0	29.0	10.0	53.0	29.0	24.0	74.36	25.64	54.72	45.28
LTR91	1181.0	861.0	320.0	1572.0	861.0	711.0	72.9	27.1	54.77	45.23
LTR8A	1056.0	772.0	284.0	1408.0	772.0	636.0	73.11	26.89	54.83	45.17
LTR81	237.0	175.0	62.0	319.0	175.0	144.0	73.84	26.16	54.86	45.14
MER50C	61.0	45.0	16.0	82.0	45.0	37.0	73.77	26.23	54.88	45.12
EUTREP7	208.0	151.0	57.0	275.0	151.0	124.0	72.6	27.4	54.91	45.09
Helitron1Na_Mam	246.0	180.0	66.0	327.0	180.0	147.0	73.17	26.83	55.05	44.95
MER92D	171.0	124.0	47.0	225.0	124.0	101.0	72.51	27.49	55.11	44.89
MER34C_	494.0	366.0	128.0	664.0	366.0	298.0	74.09	25.91	55.12	44.88
MER4D0	322.0	243.0	79.0	440.0	243.0	197.0	75.47	24.53	55.23	44.77
MER73	214.0	155.0	59.0	280.0	155.0	125.0	72.43	27.57	55.36	44.64
L1M6B	513.0	402.0	111.0	726.0	402.0	324.0	78.36	21.64	55.37	44.63
LTR19C	96.0	71.0	25.0	128.0	71.0	57.0	73.96	26.04	55.47	44.53
LTR75_1	96.0	71.0	25.0	128.0	71.0	57.0	73.96	26.04	55.47	44.53
MER4A	630.0	464.0	166.0	836.0	464.0	372.0	73.65	26.35	55.5	44.5
LTR26E	89.0	65.0	24.0	117.0	65.0	52.0	73.03	26.97	55.56	44.44
L3	33063.0	25103.0	7960.0	45083.0	25103.0	19980.0	75.92	24.08	55.68	44.32
EuthAT-2	848.0	639.0	209.0	1146.0	639.0	507.0	75.35	24.65	55.76	44.24
Charlie4a	2097.0	1549.0	548.0	2778.0	1549.0	1229.0	73.87	26.13	55.76	44.24
LTR108c_Mam	33.0	24.0	9.0	43.0	24.0	19.0	72.73	27.27	55.81	44.19
LTR36	352.0	262.0	90.0	469.0	262.0	207.0	74.43	25.57	55.86	44.14
HERV1_LTRc	26.0	19.0	7.0	34.0	19.0	15.0	73.08	26.92	55.88	44.12
MER52D	459.0	341.0	118.0	608.0	341.0	267.0	74.29	25.71	56.09	43.91
Arthur1	1706.0	1279.0	427.0	2277.0	1279.0	998.0	74.97	25.03	56.17	43.83
MER34	997.0	740.0	257.0	1317.0	740.0	577.0	74.22	25.78	56.19	43.81
MLT1L	9191.0	6762.0	2429.0	11993.0	6762.0	5231.0	73.57	26.43	56.38	43.62
MER4B	1318.0	980.0	338.0	1733.0	980.0	753.0	74.36	25.64	56.55	43.45
MLT1G1	2720.0	2016.0	704.0	3563.0	2016.0	1547.0	74.12	25.88	56.58	43.42
LTR67B	2842.0	2089.0	753.0	3691.0	2089.0	1602.0	73.5	26.5	56.6	43.4
Zaphod4a	275.0	214.0	61.0	378.0	214.0	164.0	77.82	22.18	56.61	43.39
Zaphod	1645.0	1269.0	376.0	2240.0	1269.0	971.0	77.14	22.86	56.65	43.35
Helitron1Nb_Mam	274.0	203.0	71.0	358.0	203.0	155.0	74.09	25.91	56.7	43.3
MER41G	86.0	63.0	23.0	111.0	63.0	48.0	73.26	26.74	56.76	43.24
LTR37A	1505.0	1122.0	383.0	1975.0	1122.0	853.0	74.55	25.45	56.81	43.19
L1P4c	33.0	25.0	8.0	44.0	25.0	19.0	75.76	24.24	56.82	43.18
L1PA7	9902.0	7400.0	2502.0	13020.0	7400.0	5620.0	74.73	25.27	56.84	43.16
LTR48	728.0	544.0	184.0	955.0	544.0	411.0	74.73	25.27	56.96	43.04
MLT1F	3273.0	2441.0	832.0	4285.0	2441.0	1844.0	74.58	25.42	56.97	43.03
LTR86C	221.0	163.0	58.0	286.0	163.0	123.0	73.76	26.24	56.99	43.01
MER90a	913.0	680.0	233.0	1191.0	680.0	511.0	74.48	25.52	57.09	42.91
L4_C_Mam	3719.0	2864.0	855.0	5015.0	2864.0	2151.0	77.01	22.99	57.11	42.89
MER95	107.0	79.0	28.0	138.0	79.0	59.0	73.83	26.17	57.25	42.75
L2c	95177.0	72044.0	23133.0	125823.0	72044.0	53779.0	75.69	24.31	57.26	42.74
MER119	922.0	691.0	231.0	1206.0	691.0	515.0	74.95	25.05	57.3	42.7
Ricksha_0	286.0	218.0	68.0	380.0	218.0	162.0	76.22	23.78	57.37	42.63
MamGypLTR3	503.0	377.0	126.0	657.0	377.0	280.0	74.95	25.05	57.38	42.62
LTR81A	628.0	472.0	156.0	821.0	472.0	349.0	75.16	24.84	57.49	42.51
Tigger13a	2365.0	1775.0	590.0	3087.0	1775.0	1312.0	75.05	24.95	57.5	42.5
L1MA10	3688.0	2887.0	801.0	5017.0	2887.0	2130.0	78.28	21.72	57.54	42.46
LTR38B	173.0	129.0	44.0	224.0	129.0	95.0	74.57	25.43	57.59	42.41
MLT1H	7787.0	5794.0	1993.0	10041.0	5794.0	4247.0	74.41	25.59	57.7	42.3
MER41B	2169.0	1636.0	533.0	2824.0	1636.0	1188.0	75.43	24.57	57.93	42.07
LTR45B	340.0	254.0	86.0	438.0	254.0	184.0	74.71	25.29	57.99	42.01
MER87	126.0	94.0	32.0	162.0	94.0	68.0	74.6	25.4	58.02	41.98
MamGypLTR3a	1021.0	769.0	252.0	1325.0	769.0	556.0	75.32	24.68	58.04	41.96
MER65C	527.0	395.0	132.0	680.0	395.0	285.0	74.95	25.05	58.09	41.91
LTR81C	556.0	421.0	135.0	724.0	421.0	303.0	75.72	24.28	58.15	41.85
MER45C	898.0	683.0	215.0	1174.0	683.0	491.0	76.06	23.94	58.18	41.82
LTR24	238.0	181.0	57.0	311.0	181.0	130.0	76.05	23.95	58.2	41.8
Tigger4	1074.0	830.0	244.0	1425.0	830.0	595.0	77.28	22.72	58.25	41.75
MLT1E3	1455.0	1095.0	360.0	1879.0	1095.0	784.0	75.26	24.74	58.28	41.72
LTR56	772.0	584.0	188.0	1000.0	584.0	416.0	75.65	24.35	58.4	41.6
LTR59	87.0	66.0	21.0	113.0	66.0	47.0	75.86	24.14	58.41	41.59
MER6A	785.0	592.0	193.0	1013.0	592.0	421.0	75.41	24.59	58.44	41.56
MER41E	282.0	212.0	70.0	362.0	212.0	150.0	75.18	24.82	58.56	41.44
LTR81AB	208.0	157.0	51.0	268.0	157.0	111.0	75.48	24.52	58.58	41.42
FordPrefect	442.0	341.0	101.0	581.0	341.0	240.0	77.15	22.85	58.69	41.31
MLT1E2	3077.0	2321.0	756.0	3951.0	2321.0	1630.0	75.43	24.57	58.74	41.26
MER76	551.0	418.0	133.0	711.0	418.0	293.0	75.86	24.14	58.79	41.21
LTR75	221.0	167.0	54.0	284.0	167.0	117.0	75.57	24.43	58.8	41.2
LTR108a_Mam	66.0	50.0	16.0	85.0	50.0	35.0	75.76	24.24	58.82	41.18
Tigger6b	130.0	103.0	27.0	175.0	103.0	72.0	79.23	20.77	58.86	41.14
LTR8	2599.0	1984.0	615.0	3366.0	1984.0	1382.0	76.34	23.66	58.94	41.06
MLT1D	14364.0	10962.0	3402.0	18583.0	10962.0	7621.0	76.32	23.68	58.99	41.01
MLT-int	302.0	230.0	72.0	389.0	230.0	159.0	76.16	23.84	59.13	40.87
LTR26	460.0	353.0	107.0	597.0	353.0	244.0	76.74	23.26	59.13	40.87
MLT1C2	12389.0	9403.0	2986.0	15900.0	9403.0	6497.0	75.9	24.1	59.14	40.86
MER110	605.0	459.0	146.0	775.0	459.0	316.0	75.87	24.13	59.23	40.77
MER90	537.0	408.0	129.0	688.0	408.0	280.0	75.98	24.02	59.3	40.7
Charlie7	2958.0	2312.0	646.0	3896.0	2312.0	1584.0	78.16	21.84	59.34	40.66
MER87B	152.0	117.0	35.0	197.0	117.0	80.0	76.97	23.03	59.39	40.61
MLT1C	5039.0	3846.0	1193.0	6463.0	3846.0	2617.0	76.32	23.68	59.51	40.49
PABL_B	288.0	219.0	69.0	368.0	219.0	149.0	76.04	23.96	59.51	40.49
MER67D	814.0	619.0	195.0	1040.0	619.0	421.0	76.04	23.96	59.52	40.48
Charlie1b	2330.0	1793.0	537.0	3005.0	1793.0	1212.0	76.95	23.05	59.67	40.33
MER54B	332.0	255.0	77.0	427.0	255.0	172.0	76.81	23.19	59.72	40.28
L2	40955.0	31851.0	9104.0	53298.0	31851.0	21447.0	77.77	22.23	59.76	40.24
Kanga1a	652.0	501.0	151.0	838.0	501.0	337.0	76.84	23.16	59.79	40.21
LTR38	178.0	137.0	41.0	229.0	137.0	92.0	76.97	23.03	59.83	40.17
L1PA10	5347.0	4179.0	1168.0	6967.0	4179.0	2788.0	78.16	21.84	59.98	40.02
L2b	70502.0	54790.0	15712.0	91354.0	54790.0	36564.0	77.71	22.29	59.98	40.02
LTR72	118.0	90.0	28.0	150.0	90.0	60.0	76.27	23.73	60.0	40.0
HERV-Fc1_LTR3	4.0	3.0	1.0	5.0	3.0	2.0	75.0	25.0	60.0	40.0
LTR5	20.0	15.0	5.0	25.0	15.0	10.0	75.0	25.0	60.0	40.0
LTR73	162.0	123.0	39.0	205.0	123.0	82.0	75.93	24.07	60.0	40.0
LTR65	357.0	276.0	81.0	460.0	276.0	184.0	77.31	22.69	60.0	40.0
LTR91A	1886.0	1454.0	432.0	2419.0	1454.0	965.0	77.09	22.91	60.11	39.89
LTR22E	93.0	71.0	22.0	118.0	71.0	47.0	76.34	23.66	60.17	39.83
Eutr11	468.0	365.0	103.0	604.0	365.0	239.0	77.99	22.01	60.43	39.57
LTR45C	332.0	257.0	75.0	425.0	257.0	168.0	77.41	22.59	60.47	39.53
LTR16D	887.0	678.0	209.0	1120.0	678.0	442.0	76.44	23.56	60.54	39.46
LTR10E	218.0	166.0	52.0	274.0	166.0	108.0	76.15	23.85	60.58	39.42
LTR16D1	164.0	126.0	38.0	208.0	126.0	82.0	76.83	23.17	60.58	39.42
MER41A	1987.0	1530.0	457.0	2523.0	1530.0	993.0	77.0	23.0	60.64	39.36
Tigger17	44.0	34.0	10.0	56.0	34.0	22.0	77.27	22.73	60.71	39.29
MLT1B	13825.0	10662.0	3163.0	17548.0	10662.0	6886.0	77.12	22.88	60.76	39.24
MER57F	323.0	248.0	75.0	408.0	248.0	160.0	76.78	23.22	60.78	39.22
L4_B_Mam	2447.0	1936.0	511.0	3183.0	1936.0	1247.0	79.12	20.88	60.82	39.18
L1ME4c	7279.0	5735.0	1544.0	9428.0	5735.0	3693.0	78.79	21.21	60.83	39.17
MamGypLTR1c	894.0	686.0	208.0	1127.0	686.0	441.0	76.73	23.27	60.87	39.13
MLT1K	13976.0	10729.0	3247.0	17621.0	10729.0	6892.0	76.77	23.23	60.89	39.11
LTR105_Mam	515.0	394.0	121.0	647.0	394.0	253.0	76.5	23.5	60.9	39.1
MER74B	730.0	563.0	167.0	924.0	563.0	361.0	77.12	22.88	60.93	39.07
MER101B	208.0	161.0	47.0	264.0	161.0	103.0	77.4	22.6	60.98	39.02
MLT1J	11983.0	9230.0	2753.0	15128.0	9230.0	5898.0	77.03	22.97	61.01	38.99
Charlie5	1967.0	1547.0	420.0	2535.0	1547.0	988.0	78.65	21.35	61.03	38.97
LTR33	7319.0	5605.0	1714.0	9180.0	5605.0	3575.0	76.58	23.42	61.06	38.94
MLT2F	1516.0	1168.0	348.0	1913.0	1168.0	745.0	77.04	22.96	61.06	38.94
MER77B	999.0	778.0	221.0	1270.0	778.0	492.0	77.88	22.12	61.26	38.74
LTR35A	73.0	57.0	16.0	93.0	57.0	36.0	78.08	21.92	61.29	38.71
MER4A1_	317.0	245.0	72.0	399.0	245.0	154.0	77.29	22.71	61.4	38.6
L5	571.0	452.0	119.0	736.0	452.0	284.0	79.16	20.84	61.41	38.59
LTR29	555.0	434.0	121.0	706.0	434.0	272.0	78.2	21.8	61.47	38.53
MSTC	2495.0	1950.0	545.0	3172.0	1950.0	1222.0	78.16	21.84	61.48	38.52
LTR86A2	244.0	189.0	55.0	306.0	189.0	117.0	77.46	22.54	61.76	38.24
MLT1F2	4748.0	3704.0	1044.0	5985.0	3704.0	2281.0	78.01	21.99	61.89	38.11
L1P4	2913.0	2300.0	613.0	3714.0	2300.0	1414.0	78.96	21.04	61.93	38.07
MSTA	15524.0	12102.0	3422.0	19480.0	12102.0	7378.0	77.96	22.04	62.13	37.87
MamGypLTR1d	603.0	468.0	135.0	753.0	468.0	285.0	77.61	22.39	62.15	37.85
LTR66	311.0	245.0	66.0	394.0	245.0	149.0	78.78	21.22	62.18	37.82
LTR61	124.0	96.0	28.0	154.0	96.0	58.0	77.42	22.58	62.34	37.66
LTR107_Mam	339.0	264.0	75.0	423.0	264.0	159.0	77.88	22.12	62.41	37.59
LTR104_Mam	1528.0	1205.0	323.0	1930.0	1205.0	725.0	78.86	21.14	62.44	37.56
Merlin1_HS	44.0	35.0	9.0	56.0	35.0	21.0	79.55	20.45	62.5	37.5
Charlie12	12.0	10.0	2.0	16.0	10.0	6.0	83.33	16.67	62.5	37.5
Tigger9a	808.0	634.0	174.0	1013.0	634.0	379.0	78.47	21.53	62.59	37.41
L1MC	6014.0	4855.0	1159.0	7743.0	4855.0	2888.0	80.73	19.27	62.7	37.3
MamGypLTR2c	833.0	653.0	180.0	1041.0	653.0	388.0	78.39	21.61	62.73	37.27
MER50B	553.0	433.0	120.0	689.0	433.0	256.0	78.3	21.7	62.84	37.16
MER4C	516.0	406.0	110.0	646.0	406.0	240.0	78.68	21.32	62.85	37.15
MLT1J2	5526.0	4317.0	1209.0	6866.0	4317.0	2549.0	78.12	21.88	62.88	37.12
Charlie20a	656.0	524.0	132.0	833.0	524.0	309.0	79.88	20.12	62.91	37.09
Charlie3	265.0	212.0	53.0	337.0	212.0	125.0	80.0	20.0	62.91	37.09
MER33	7565.0	5964.0	1601.0	9479.0	5964.0	3515.0	78.84	21.16	62.92	37.08
LTR52	856.0	676.0	180.0	1074.0	676.0	398.0	78.97	21.03	62.94	37.06
LTR71B	174.0	136.0	38.0	216.0	136.0	80.0	78.16	21.84	62.96	37.04
MSTB	6779.0	5362.0	1417.0	8501.0	5362.0	3139.0	79.1	20.9	63.07	36.93
LTR101_Mam	917.0	718.0	199.0	1138.0	718.0	420.0	78.3	21.7	63.09	36.91
MER68C	130.0	101.0	29.0	160.0	101.0	59.0	77.69	22.31	63.12	36.88
LTR86A1	433.0	339.0	94.0	537.0	339.0	198.0	78.29	21.71	63.13	36.87
L1PB	1450.0	1149.0	301.0	1819.0	1149.0	670.0	79.24	20.76	63.17	36.83
MER77	1051.0	827.0	224.0	1309.0	827.0	482.0	78.69	21.31	63.18	36.82
L1P2	1275.0	1005.0	270.0	1590.0	1005.0	585.0	78.82	21.18	63.21	36.79
Helitron3Na_Mam	893.0	699.0	194.0	1105.0	699.0	406.0	78.28	21.72	63.26	36.74
HSMAR1	569.0	449.0	120.0	709.0	449.0	260.0	78.91	21.09	63.33	36.67
MLT1J1	3949.0	3099.0	850.0	4891.0	3099.0	1792.0	78.48	21.52	63.36	36.64
Arthur1B	1805.0	1455.0	350.0	2293.0	1455.0	838.0	80.61	19.39	63.45	36.55
MER44C	872.0	690.0	182.0	1086.0	690.0	396.0	79.13	20.87	63.54	36.46
hAT-4b_Ther	180.0	143.0	37.0	225.0	143.0	82.0	79.44	20.56	63.56	36.44
MER113	2981.0	2363.0	618.0	3714.0	2363.0	1351.0	79.27	20.73	63.62	36.38
LTR18A	161.0	126.0	35.0	198.0	126.0	72.0	78.26	21.74	63.64	36.36
LTR16E2	1883.0	1480.0	403.0	2323.0	1480.0	843.0	78.6	21.4	63.71	36.29
LTR43B	181.0	146.0	35.0	229.0	146.0	83.0	80.66	19.34	63.76	36.24
Tigger5b	2198.0	1745.0	453.0	2733.0	1745.0	988.0	79.39	20.61	63.85	36.15
LTR51	324.0	260.0	64.0	407.0	260.0	147.0	80.25	19.75	63.88	36.12
PRIMA4_LTR	256.0	202.0	54.0	316.0	202.0	114.0	78.91	21.09	63.92	36.08
MER51E	181.0	149.0	32.0	233.0	149.0	84.0	82.32	17.68	63.95	36.05
MamTip3B	661.0	530.0	131.0	828.0	530.0	298.0	80.18	19.82	64.01	35.99
LTR80A	319.0	251.0	68.0	392.0	251.0	141.0	78.68	21.32	64.03	35.97
MER48	157.0	123.0	34.0	192.0	123.0	69.0	78.34	21.66	64.06	35.94
MER51C	144.0	116.0	28.0	181.0	116.0	65.0	80.56	19.44	64.09	35.91
LTR33B	1277.0	1006.0	271.0	1568.0	1006.0	562.0	78.78	21.22	64.16	35.84
MER115	2024.0	1603.0	421.0	2495.0	1603.0	892.0	79.2	20.8	64.25	35.75
MER20B	3282.0	2643.0	639.0	4104.0	2643.0	1461.0	80.53	19.47	64.4	35.6
Kanga1b	300.0	245.0	55.0	380.0	245.0	135.0	81.67	18.33	64.47	35.53
LTR47A	549.0	438.0	111.0	679.0	438.0	241.0	79.78	20.22	64.51	35.49
HERV-Fc1_LTR1	14.0	11.0	3.0	17.0	11.0	6.0	78.57	21.43	64.71	35.29
LTR86B1	244.0	193.0	51.0	298.0	193.0	105.0	79.1	20.9	64.77	35.23
MER34C	157.0	125.0	32.0	193.0	125.0	68.0	79.62	20.38	64.77	35.23
LTR80B	408.0	325.0	83.0	501.0	325.0	176.0	79.66	20.34	64.87	35.13
Ricksha_a	45.0	37.0	8.0	57.0	37.0	20.0	82.22	17.78	64.91	35.09
MamGypLTR4	580.0	465.0	115.0	715.0	465.0	250.0	80.17	19.83	65.03	34.97
MARE6	150.0	121.0	29.0	186.0	121.0	65.0	80.67	19.33	65.05	34.95
MER83	356.0	287.0	69.0	441.0	287.0	154.0	80.62	19.38	65.08	34.92
MLT1A	7314.0	5848.0	1466.0	8978.0	5848.0	3130.0	79.96	20.04	65.14	34.86
THE1D-int	2057.0	1640.0	417.0	2516.0	1640.0	876.0	79.73	20.27	65.18	34.82
MSTD	6156.0	4936.0	1220.0	7562.0	4936.0	2626.0	80.18	19.82	65.27	34.73
MER57E1	407.0	326.0	81.0	499.0	326.0	173.0	80.1	19.9	65.33	34.67
LTR9D	579.0	466.0	113.0	713.0	466.0	247.0	80.48	19.52	65.36	34.64
X1_DNA	552.0	444.0	108.0	679.0	444.0	235.0	80.43	19.57	65.39	34.61
MER74A	1273.0	1020.0	253.0	1559.0	1020.0	539.0	80.13	19.87	65.43	34.57
hAT-1_Mam	1109.0	914.0	195.0	1396.0	914.0	482.0	82.42	17.58	65.47	34.53
MER70B	369.0	296.0	73.0	452.0	296.0	156.0	80.22	19.78	65.49	34.51
LTR33A	1657.0	1323.0	334.0	2019.0	1323.0	696.0	79.84	20.16	65.53	34.47
LTR54B	690.0	557.0	133.0	850.0	557.0	293.0	80.72	19.28	65.53	34.47
Tigger11a	340.0	274.0	66.0	418.0	274.0	144.0	80.59	19.41	65.55	34.45
LTR9A1	376.0	305.0	71.0	465.0	305.0	160.0	81.12	18.88	65.59	34.41
L1PA3	8868.0	7077.0	1791.0	10771.0	7077.0	3694.0	79.8	20.2	65.7	34.3
MER31B	1210.0	977.0	233.0	1487.0	977.0	510.0	80.74	19.26	65.7	34.3
Charlie15b	1524.0	1244.0	280.0	1893.0	1244.0	649.0	81.63	18.37	65.72	34.28
LTR10F	355.0	287.0	68.0	436.0	287.0	149.0	80.85	19.15	65.83	34.17
L1PA8	6497.0	5301.0	1196.0	8047.0	5301.0	2746.0	81.59	18.41	65.88	34.12
MER101	298.0	240.0	58.0	364.0	240.0	124.0	80.54	19.46	65.93	34.07
LTR33A_	1352.0	1085.0	267.0	1645.0	1085.0	560.0	80.25	19.75	65.96	34.04
MLT1I	9055.0	7269.0	1786.0	11011.0	7269.0	3742.0	80.28	19.72	66.02	33.98
LTR47B3	84.0	72.0	12.0	109.0	72.0	37.0	85.71	14.29	66.06	33.94
LTR1C3	49.0	41.0	8.0	62.0	41.0	21.0	83.67	16.33	66.13	33.87
MER68	1207.0	976.0	231.0	1475.0	976.0	499.0	80.86	19.14	66.17	33.83
Tigger20a	1083.0	878.0	205.0	1326.0	878.0	448.0	81.07	18.93	66.21	33.79
MER51D	125.0	102.0	23.0	154.0	102.0	52.0	81.6	18.4	66.23	33.77
Tigger2a	2714.0	2194.0	520.0	3310.0	2194.0	1116.0	80.84	19.16	66.28	33.72
EutTc1-N2	154.0	124.0	30.0	187.0	124.0	63.0	80.52	19.48	66.31	33.69
LTR16A2	1506.0	1210.0	296.0	1824.0	1210.0	614.0	80.35	19.65	66.34	33.66
Eutr15	527.0	430.0	97.0	648.0	430.0	218.0	81.59	18.41	66.36	33.64
MER83B	120.0	97.0	23.0	146.0	97.0	49.0	80.83	19.17	66.44	33.56
MER68B	372.0	301.0	71.0	453.0	301.0	152.0	80.91	19.09	66.45	33.55
THE1B	18403.0	14857.0	3546.0	22351.0	14857.0	7494.0	80.73	19.27	66.47	33.53
L1PA6	4847.0	3953.0	894.0	5944.0	3953.0	1991.0	81.56	18.44	66.5	33.5
LTR57	203.0	165.0	38.0	248.0	165.0	83.0	81.28	18.72	66.53	33.47
MamGypLTR1b	980.0	793.0	187.0	1192.0	793.0	399.0	80.92	19.08	66.53	33.47
L2d	22691.0	18501.0	4190.0	27779.0	18501.0	9278.0	81.53	18.47	66.6	33.4
MLT1O-int	10.0	8.0	2.0	12.0	8.0	4.0	80.0	20.0	66.67	33.33
Tigger17b	73.0	60.0	13.0	90.0	60.0	30.0	82.19	17.81	66.67	33.33
Tigger21a	141.0	114.0	27.0	171.0	114.0	57.0	80.85	19.15	66.67	33.33
LTR109A2	22.0	18.0	4.0	27.0	18.0	9.0	81.82	18.18	66.67	33.33
MER4A1	1829.0	1486.0	343.0	2228.0	1486.0	742.0	81.25	18.75	66.7	33.3
L1PA2	4107.0	3301.0	806.0	4944.0	3301.0	1643.0	80.37	19.63	66.77	33.23
MLT1A1	5518.0	4485.0	1033.0	6715.0	4485.0	2230.0	81.28	18.72	66.79	33.21
PABL_A	427.0	346.0	81.0	518.0	346.0	172.0	81.03	18.97	66.8	33.2
LTR72B	133.0	109.0	24.0	163.0	109.0	54.0	81.95	18.05	66.87	33.13
MER92A	127.0	103.0	24.0	154.0	103.0	51.0	81.1	18.9	66.88	33.12
LTR79	3324.0	2686.0	638.0	4013.0	2686.0	1327.0	80.81	19.19	66.93	33.07
ORSL	984.0	801.0	183.0	1196.0	801.0	395.0	81.4	18.6	66.97	33.03
LTR16D2	224.0	181.0	43.0	270.0	181.0	89.0	80.8	19.2	67.04	32.96
MER44A	1908.0	1555.0	353.0	2318.0	1555.0	763.0	81.5	18.5	67.08	32.92
Kanga1	660.0	542.0	118.0	807.0	542.0	265.0	82.12	17.88	67.16	32.84
LTR48B	822.0	668.0	154.0	992.0	668.0	324.0	81.27	18.73	67.34	32.66
L1P3b	68.0	56.0	12.0	83.0	56.0	27.0	82.35	17.65	67.47	32.53
LTR16C	5475.0	4453.0	1022.0	6597.0	4453.0	2144.0	81.33	18.67	67.5	32.5
Kanga1d	559.0	455.0	104.0	674.0	455.0	219.0	81.4	18.6	67.51	32.49
LTR10G	96.0	79.0	17.0	117.0	79.0	38.0	82.29	17.71	67.52	32.48
MER61E	252.0	204.0	48.0	302.0	204.0	98.0	80.95	19.05	67.55	32.45
MER31A	1108.0	905.0	203.0	1339.0	905.0	434.0	81.68	18.32	67.59	32.41
LOR1b	894.0	729.0	165.0	1078.0	729.0	349.0	81.54	18.46	67.63	32.37
MER66A	270.0	220.0	50.0	325.0	220.0	105.0	81.48	18.52	67.69	32.31
LTR68	286.0	235.0	51.0	347.0	235.0	112.0	82.17	17.83	67.72	32.28
THE1C	8139.0	6643.0	1496.0	9789.0	6643.0	3146.0	81.62	18.38	67.86	32.14
Charlie17	430.0	368.0	62.0	542.0	368.0	174.0	85.58	14.42	67.9	32.1
LTR40a	1637.0	1341.0	296.0	1975.0	1341.0	634.0	81.92	18.08	67.9	32.1
LTR16A1	2241.0	1826.0	415.0	2689.0	1826.0	863.0	81.48	18.52	67.91	32.09
Tigger3c	1885.0	1559.0	326.0	2294.0	1559.0	735.0	82.71	17.29	67.96	32.04
Tigger12A	613.0	503.0	110.0	739.0	503.0	236.0	82.06	17.94	68.06	31.94
CR1_Mam	1389.0	1156.0	233.0	1694.0	1156.0	538.0	83.23	16.77	68.24	31.76
L2d2	43286.0	35845.0	7441.0	52472.0	35845.0	16627.0	82.81	17.19	68.31	31.69
LTR16E1	2064.0	1691.0	373.0	2474.0	1691.0	783.0	81.93	18.07	68.35	31.65
MER63B	1980.0	1629.0	351.0	2380.0	1629.0	751.0	82.27	17.73	68.45	31.55
LTR108e_Mam	140.0	115.0	25.0	168.0	115.0	53.0	82.14	17.86	68.45	31.55
Charlie10	922.0	773.0	149.0	1128.0	773.0	355.0	83.84	16.16	68.53	31.47
MER66D	203.0	168.0	35.0	245.0	168.0	77.0	82.76	17.24	68.57	31.43
ORSL-2b	587.0	487.0	100.0	710.0	487.0	223.0	82.96	17.04	68.59	31.41
LTR35B	165.0	138.0	27.0	201.0	138.0	63.0	83.64	16.36	68.66	31.34
LTR7B	698.0	573.0	125.0	833.0	573.0	260.0	82.09	17.91	68.79	31.21
LTR19B	232.0	190.0	42.0	276.0	190.0	86.0	81.9	18.1	68.84	31.16
MER2	7502.0	6199.0	1303.0	8997.0	6199.0	2798.0	82.63	17.37	68.9	31.1
MLT1N2-int	61.0	51.0	10.0	74.0	51.0	23.0	83.61	16.39	68.92	31.08
THE1D	10491.0	8656.0	1835.0	12558.0	8656.0	3902.0	82.51	17.49	68.93	31.07
MER70C	228.0	189.0	39.0	274.0	189.0	85.0	82.89	17.11	68.98	31.02
LTR1C1	60.0	49.0	11.0	71.0	49.0	22.0	81.67	18.33	69.01	30.99
MST-int	179.0	147.0	32.0	213.0	147.0	66.0	82.12	17.88	69.01	30.99
L1PA5	9441.0	7788.0	1653.0	11267.0	7788.0	3479.0	82.49	17.51	69.12	30.88
MER57D	373.0	309.0	64.0	447.0	309.0	138.0	82.84	17.16	69.13	30.87
LTR53	421.0	348.0	73.0	503.0	348.0	155.0	82.66	17.34	69.18	30.82
L1PA4	9960.0	8200.0	1760.0	11851.0	8200.0	3651.0	82.33	17.67	69.19	30.81
MLT1N2	4758.0	3921.0	837.0	5666.0	3921.0	1745.0	82.41	17.59	69.2	30.8
MER57E2	65.0	54.0	11.0	78.0	54.0	24.0	83.08	16.92	69.23	30.77
THE1C-int	1493.0	1239.0	254.0	1787.0	1239.0	548.0	82.99	17.01	69.33	30.67
L1P3	2811.0	2339.0	472.0	3367.0	2339.0	1028.0	83.21	16.79	69.47	30.53
MSTB1	3754.0	3122.0	632.0	4491.0	3122.0	1369.0	83.16	16.84	69.52	30.48
MLT1A0	17311.0	14374.0	2937.0	20647.0	14374.0	6273.0	83.03	16.97	69.62	30.38
LTR9B	566.0	473.0	93.0	679.0	473.0	206.0	83.57	16.43	69.66	30.34
LTR40b	947.0	787.0	160.0	1128.0	787.0	341.0	83.1	16.9	69.77	30.23
LTR71A	137.0	114.0	23.0	163.0	114.0	49.0	83.21	16.79	69.94	30.06
MER66B	1175.0	980.0	195.0	1401.0	980.0	421.0	83.4	16.6	69.95	30.05
LTR27D	228.0	189.0	39.0	270.0	189.0	81.0	82.89	17.11	70.0	30.0
MER45R	515.0	437.0	78.0	624.0	437.0	187.0	84.85	15.15	70.03	29.97
LTR1A2	669.0	563.0	106.0	801.0	563.0	238.0	84.16	15.84	70.29	29.71
ERV3-16A3_LTR	930.0	774.0	156.0	1101.0	774.0	327.0	83.23	16.77	70.3	29.7
Tigger2b_Pri	1698.0	1448.0	250.0	2059.0	1448.0	611.0	85.28	14.72	70.33	29.67
MER57C1	154.0	129.0	25.0	183.0	129.0	54.0	83.77	16.23	70.49	29.51
MamRep4096	1059.0	890.0	169.0	1261.0	890.0	371.0	84.04	15.96	70.58	29.42
LTR30	119.0	99.0	20.0	140.0	99.0	41.0	83.19	16.81	70.71	29.29
MER61F	131.0	109.0	22.0	154.0	109.0	45.0	83.21	16.79	70.78	29.22
LTR33C	786.0	658.0	128.0	928.0	658.0	270.0	83.72	16.28	70.91	29.09
DNA1_Mam	139.0	117.0	22.0	165.0	117.0	48.0	84.17	15.83	70.91	29.09
MER9a3	467.0	390.0	77.0	550.0	390.0	160.0	83.51	16.49	70.91	29.09
MER5C	1136.0	954.0	182.0	1344.0	954.0	390.0	83.98	16.02	70.98	29.02
MER51B	600.0	504.0	96.0	710.0	504.0	206.0	84.0	16.0	70.99	29.01
LTR16B2	1297.0	1084.0	213.0	1527.0	1084.0	443.0	83.58	16.42	70.99	29.01
LTR9	673.0	572.0	101.0	804.0	572.0	232.0	84.99	15.01	71.14	28.86
MER47A	2160.0	1818.0	342.0	2555.0	1818.0	737.0	84.17	15.83	71.15	28.85
L1HS	1346.0	1122.0	224.0	1577.0	1122.0	455.0	83.36	16.64	71.15	28.85
MLT1O	4270.0	3575.0	695.0	5019.0	3575.0	1444.0	83.72	16.28	71.23	28.77
Zaphod2	703.0	606.0	97.0	850.0	606.0	244.0	86.2	13.8	71.29	28.71
LTR9C	121.0	102.0	19.0	143.0	102.0	41.0	84.3	15.7	71.33	28.67
LTR90A	345.0	289.0	56.0	405.0	289.0	116.0	83.77	16.23	71.36	28.64
LTR47B	35.0	30.0	5.0	42.0	30.0	12.0	85.71	14.29	71.43	28.57
MER57B2	910.0	771.0	139.0	1079.0	771.0	308.0	84.73	15.27	71.46	28.54
LTR15	225.0	189.0	36.0	264.0	189.0	75.0	84.0	16.0	71.59	28.41
LTR19A	368.0	311.0	57.0	434.0	311.0	123.0	84.51	15.49	71.66	28.34
MER96B	1830.0	1549.0	281.0	2159.0	1549.0	610.0	84.64	15.36	71.75	28.25
Charlie31a	680.0	572.0	108.0	797.0	572.0	225.0	84.12	15.88	71.77	28.23
MSTA1	459.0	389.0	70.0	542.0	389.0	153.0	84.75	15.25	71.77	28.23
LTR22B2	33.0	28.0	5.0	39.0	28.0	11.0	84.85	15.15	71.79	28.21
MER61D	227.0	191.0	36.0	266.0	191.0	75.0	84.14	15.86	71.8	28.2
LOR1a	692.0	583.0	109.0	812.0	583.0	229.0	84.25	15.75	71.8	28.2
THE1B-int	3539.0	2994.0	545.0	4157.0	2994.0	1163.0	84.6	15.4	72.02	27.98
LTR86B2	242.0	204.0	38.0	283.0	204.0	79.0	84.3	15.7	72.08	27.92
MER47B	518.0	439.0	79.0	609.0	439.0	170.0	84.75	15.25	72.09	27.91
Charlie29b	1193.0	1025.0	168.0	1421.0	1025.0	396.0	85.92	14.08	72.13	27.87
LTR69	120.0	101.0	19.0	140.0	101.0	39.0	84.17	15.83	72.14	27.86
LTR21B	31.0	26.0	5.0	36.0	26.0	10.0	83.87	16.13	72.22	27.78
MER61A	674.0	570.0	104.0	788.0	570.0	218.0	84.57	15.43	72.34	27.66
MER51A	792.0	676.0	116.0	932.0	676.0	256.0	85.35	14.65	72.53	27.47
MER63D	1429.0	1228.0	201.0	1693.0	1228.0	465.0	85.93	14.07	72.53	27.47
LTR06	87.0	74.0	13.0	102.0	74.0	28.0	85.06	14.94	72.55	27.45
LTR22C0	97.0	82.0	15.0	113.0	82.0	31.0	84.54	15.46	72.57	27.43
LTR42	246.0	209.0	37.0	288.0	209.0	79.0	84.96	15.04	72.57	27.43
LTR3A	136.0	115.0	21.0	158.0	115.0	43.0	84.56	15.44	72.78	27.22
Tigger8	793.0	676.0	117.0	928.0	676.0	252.0	85.25	14.75	72.84	27.16
MSTB2	1342.0	1141.0	201.0	1565.0	1141.0	424.0	85.02	14.98	72.91	27.09
MER66C	483.0	415.0	68.0	569.0	415.0	154.0	85.92	14.08	72.93	27.07
MER70A	447.0	383.0	64.0	523.0	383.0	140.0	85.68	14.32	73.23	26.77
LTR40c	512.0	437.0	75.0	596.0	437.0	159.0	85.35	14.65	73.32	26.68
MER112	3853.0	3281.0	572.0	4474.0	3281.0	1193.0	85.15	14.85	73.33	26.67
MLT2E	339.0	289.0	50.0	394.0	289.0	105.0	85.25	14.75	73.35	26.65
hAT-5_Mam	767.0	658.0	109.0	897.0	658.0	239.0	85.79	14.21	73.36	26.64
MLT2B5	318.0	271.0	47.0	369.0	271.0	98.0	85.22	14.78	73.44	26.56
MER6C	140.0	119.0	21.0	162.0	119.0	43.0	85.0	15.0	73.46	26.54
LTR27E	189.0	161.0	28.0	219.0	161.0	58.0	85.19	14.81	73.52	26.48
LTR38A1	136.0	117.0	19.0	159.0	117.0	42.0	86.03	13.97	73.58	26.42
MER75	408.0	351.0	57.0	477.0	351.0	126.0	86.03	13.97	73.58	26.42
LTR14B	303.0	262.0	41.0	356.0	262.0	94.0	86.47	13.53	73.6	26.4
LTR60	33.0	28.0	5.0	38.0	28.0	10.0	84.85	15.15	73.68	26.32
MER74C	202.0	172.0	30.0	233.0	172.0	61.0	85.15	14.85	73.82	26.18
LTR16B	603.0	514.0	89.0	696.0	514.0	182.0	85.24	14.76	73.85	26.15
MER58B	5948.0	5106.0	842.0	6913.0	5106.0	1807.0	85.84	14.16	73.86	26.14
Zaphod3	1021.0	888.0	133.0	1201.0	888.0	313.0	86.97	13.03	73.94	26.06
LTR2	729.0	625.0	104.0	845.0	625.0	220.0	85.73	14.27	73.96	26.04
LTR76	162.0	145.0	17.0	196.0	145.0	51.0	89.51	10.49	73.98	26.02
LTR18C	67.0	57.0	10.0	77.0	57.0	20.0	85.07	14.93	74.03	25.97
Tigger10	1239.0	1081.0	158.0	1460.0	1081.0	379.0	87.25	12.75	74.04	25.96
LTR3	74.0	63.0	11.0	85.0	63.0	22.0	85.14	14.86	74.12	25.88
MER61B	369.0	316.0	53.0	426.0	316.0	110.0	85.64	14.36	74.18	25.82
LTR10B1	137.0	118.0	19.0	159.0	118.0	41.0	86.13	13.87	74.21	25.79
MLT2A2	3301.0	2843.0	458.0	3830.0	2843.0	987.0	86.13	13.87	74.23	25.77
THE1A-int	1238.0	1066.0	172.0	1436.0	1066.0	370.0	86.11	13.89	74.23	25.77
LTR108d_Mam	57.0	49.0	8.0	66.0	49.0	17.0	85.96	14.04	74.24	25.76
EUTREP16	344.0	295.0	49.0	397.0	295.0	102.0	85.76	14.24	74.31	25.69
LTR14C	117.0	102.0	15.0	137.0	102.0	35.0	87.18	12.82	74.45	25.55
Ricksha_c	849.0	736.0	113.0	987.0	736.0	251.0	86.69	13.31	74.57	25.43
MER57B1	857.0	740.0	117.0	989.0	740.0	249.0	86.35	13.65	74.82	25.18
MER52A	1211.0	1043.0	168.0	1391.0	1043.0	348.0	86.13	13.87	74.98	25.02
LTR10B	63.0	54.0	9.0	72.0	54.0	18.0	85.71	14.29	75.0	25.0
LTR28	119.0	103.0	16.0	137.0	103.0	34.0	86.55	13.45	75.18	24.82
MER57A1	899.0	775.0	124.0	1030.0	775.0	255.0	86.21	13.79	75.24	24.76
LTR4	88.0	76.0	12.0	101.0	76.0	25.0	86.36	13.64	75.25	24.75
MER9a2	265.0	228.0	37.0	303.0	228.0	75.0	86.04	13.96	75.25	24.75
ORSL-2a	323.0	280.0	43.0	372.0	280.0	92.0	86.69	13.31	75.27	24.73
LTR1	212.0	183.0	29.0	243.0	183.0	60.0	86.32	13.68	75.31	24.69
Charlie8	3765.0	3279.0	486.0	4352.0	3279.0	1073.0	87.09	12.91	75.34	24.66
MamTip3	999.0	865.0	134.0	1147.0	865.0	282.0	86.59	13.41	75.41	24.59
LTR16B1	1037.0	897.0	140.0	1189.0	897.0	292.0	86.5	13.5	75.44	24.56
LTR10C	448.0	390.0	58.0	517.0	390.0	127.0	87.05	12.95	75.44	24.56
LTR16A	3655.0	3161.0	494.0	4186.0	3161.0	1025.0	86.48	13.52	75.51	24.49
MLT1M	2013.0	1742.0	271.0	2306.0	1742.0	564.0	86.54	13.46	75.54	24.46
Kanga11a	754.0	661.0	93.0	875.0	661.0	214.0	87.67	12.33	75.54	24.46
Charlie14a	416.0	367.0	49.0	485.0	367.0	118.0	88.22	11.78	75.67	24.33
Tigger15a	4209.0	3655.0	554.0	4829.0	3655.0	1174.0	86.84	13.16	75.69	24.31
Tigger4b	2161.0	1885.0	276.0	2489.0	1885.0	604.0	87.23	12.77	75.73	24.27
MER107	273.0	253.0	20.0	334.0	253.0	81.0	92.67	7.33	75.75	24.25
Tigger6	199.0	175.0	24.0	231.0	175.0	56.0	87.94	12.06	75.76	24.24
MER88	98.0	85.0	13.0	112.0	85.0	27.0	86.73	13.27	75.89	24.11
MER57C2	380.0	334.0	46.0	440.0	334.0	106.0	87.89	12.11	75.91	24.09
MER61C	258.0	224.0	34.0	295.0	224.0	71.0	86.82	13.18	75.93	24.07
LTR31	209.0	182.0	27.0	239.0	182.0	57.0	87.08	12.92	76.15	23.85
LTR17	732.0	636.0	96.0	835.0	636.0	199.0	86.89	13.11	76.17	23.83
LTR22A	148.0	128.0	20.0	168.0	128.0	40.0	86.49	13.51	76.19	23.81
LTR22	92.0	80.0	12.0	105.0	80.0	25.0	86.96	13.04	76.19	23.81
LTR75B	173.0	152.0	21.0	199.0	152.0	47.0	87.86	12.14	76.38	23.62
LTR14	75.0	65.0	10.0	85.0	65.0	20.0	86.67	13.33	76.47	23.53
Eutr2B	366.0	321.0	45.0	419.0	321.0	98.0	87.7	12.3	76.61	23.39
Charlie16	1260.0	1120.0	140.0	1462.0	1120.0	342.0	88.89	11.11	76.61	23.39
LTR16	2641.0	2305.0	336.0	2999.0	2305.0	694.0	87.28	12.72	76.86	23.14
PrimLTR79	116.0	103.0	13.0	134.0	103.0	31.0	88.79	11.21	76.87	23.13
LTR7C	275.0	243.0	32.0	316.0	243.0	73.0	88.36	11.64	76.9	23.1
L1P5	673.0	587.0	86.0	763.0	587.0	176.0	87.22	12.78	76.93	23.07
LTR47B2	141.0	125.0	16.0	162.0	125.0	37.0	88.65	11.35	77.16	22.84
LTR90B	470.0	411.0	59.0	532.0	411.0	121.0	87.45	12.55	77.26	22.74
LTR10A	275.0	242.0	33.0	312.0	242.0	70.0	88.0	12.0	77.56	22.44
MERX	381.0	339.0	42.0	436.0	339.0	97.0	88.98	11.02	77.75	22.25
MER46C	2462.0	2163.0	299.0	2782.0	2163.0	619.0	87.86	12.14	77.75	22.25
Mam_R4	492.0	434.0	58.0	558.0	434.0	124.0	88.21	11.79	77.78	22.22
HERV1_LTRa	24.0	21.0	3.0	27.0	21.0	6.0	87.5	12.5	77.78	22.22
MER113A	1824.0	1609.0	215.0	2064.0	1609.0	455.0	88.21	11.79	77.96	22.04
MER75B	101.0	89.0	12.0	114.0	89.0	25.0	88.12	11.88	78.07	21.93
LTR1C	57.0	50.0	7.0	64.0	50.0	14.0	87.72	12.28	78.12	21.88
Charlie13b	348.0	308.0	40.0	394.0	308.0	86.0	88.51	11.49	78.17	21.83
MamRep137	2172.0	1920.0	252.0	2456.0	1920.0	536.0	88.4	11.6	78.18	21.82
Tigger17d	277.0	245.0	32.0	313.0	245.0	68.0	88.45	11.55	78.27	21.73
Charlie4	788.0	704.0	84.0	898.0	704.0	194.0	89.34	10.66	78.4	21.6
MER83C	135.0	120.0	15.0	153.0	120.0	33.0	88.89	11.11	78.43	21.57
LTR13A	166.0	147.0	19.0	187.0	147.0	40.0	88.55	11.45	78.61	21.39
MER102a	2660.0	2352.0	308.0	2992.0	2352.0	640.0	88.42	11.58	78.61	21.39
LTR18B	313.0	278.0	35.0	353.0	278.0	75.0	88.82	11.18	78.75	21.25
LTR28B	230.0	204.0	26.0	259.0	204.0	55.0	88.7	11.3	78.76	21.24
UCON48	171.0	152.0	19.0	193.0	152.0	41.0	88.89	11.11	78.76	21.24
X26_DNA	854.0	757.0	97.0	961.0	757.0	204.0	88.64	11.36	78.77	21.23
MER9a1	289.0	255.0	34.0	323.0	255.0	68.0	88.24	11.76	78.95	21.05
Charlie24	1111.0	1000.0	111.0	1266.0	1000.0	266.0	90.01	9.99	78.99	21.01
MER30	3633.0	3218.0	415.0	4072.0	3218.0	854.0	88.58	11.42	79.03	20.97
MER52C	340.0	302.0	38.0	382.0	302.0	80.0	88.82	11.18	79.06	20.94
MamRTE2	43.0	38.0	5.0	48.0	38.0	10.0	88.37	11.63	79.17	20.83
X9b_DNA	535.0	476.0	59.0	601.0	476.0	125.0	88.97	11.03	79.2	20.8
Tigger16a	1584.0	1412.0	172.0	1781.0	1412.0	369.0	89.14	10.86	79.28	20.72
Charlie18a	2205.0	1959.0	246.0	2470.0	1959.0	511.0	88.84	11.16	79.31	20.69
LTR1D1	271.0	240.0	31.0	302.0	240.0	62.0	88.56	11.44	79.47	20.53
LTR2752	204.0	182.0	22.0	229.0	182.0	47.0	89.22	10.78	79.48	20.52
LTR21A	83.0	74.0	9.0	93.0	74.0	19.0	89.16	10.84	79.57	20.43
LTR10D	159.0	141.0	18.0	177.0	141.0	36.0	88.68	11.32	79.66	20.34
Tigger3a	4772.0	4249.0	523.0	5334.0	4249.0	1085.0	89.04	10.96	79.66	20.34
Charlie7a	1269.0	1130.0	139.0	1418.0	1130.0	288.0	89.05	10.95	79.69	20.31
Tigger22N1	969.0	872.0	97.0	1094.0	872.0	222.0	89.99	10.01	79.71	20.29
MER58C	2312.0	2062.0	250.0	2586.0	2062.0	524.0	89.19	10.81	79.74	20.26
EUTREP8	240.0	213.0	27.0	267.0	213.0	54.0	88.75	11.25	79.78	20.22
LTR47B4	89.0	79.0	10.0	99.0	79.0	20.0	88.76	11.24	79.8	20.2
FordPrefect_a	249.0	222.0	27.0	278.0	222.0	56.0	89.16	10.84	79.86	20.14
MER106B	727.0	655.0	72.0	820.0	655.0	165.0	90.1	9.9	79.88	20.12
MamRTE1	7840.0	7061.0	779.0	8840.0	7061.0	1779.0	90.06	9.94	79.88	20.12
LTR28C	200.0	179.0	21.0	224.0	179.0	45.0	89.5	10.5	79.91	20.09
HERV1_LTRb	9.0	8.0	1.0	10.0	8.0	2.0	88.89	11.11	80.0	20.0
LTR22B	127.0	113.0	14.0	141.0	113.0	28.0	88.98	11.02	80.14	19.86
LTR1F	117.0	105.0	12.0	131.0	105.0	26.0	89.74	10.26	80.15	19.85
Arthur1C	630.0	563.0	67.0	702.0	563.0	139.0	89.37	10.63	80.2	19.8
LTR12D	426.0	383.0	43.0	476.0	383.0	93.0	89.91	10.09	80.46	19.54
LTR10B2	93.0	83.0	10.0	103.0	83.0	20.0	89.25	10.75	80.58	19.42
LTR1A1	322.0	291.0	31.0	361.0	291.0	70.0	90.37	9.63	80.61	19.39
MARNA	2800.0	2512.0	288.0	3114.0	2512.0	602.0	89.71	10.29	80.67	19.33
LTR1B1	149.0	134.0	15.0	166.0	134.0	32.0	89.93	10.07	80.72	19.28
Charlie22a	987.0	887.0	100.0	1096.0	887.0	209.0	89.87	10.13	80.93	19.07
LTR5B	398.0	357.0	41.0	440.0	357.0	83.0	89.7	10.3	81.14	18.86
MER11D	235.0	211.0	24.0	260.0	211.0	49.0	89.79	10.21	81.15	18.85
MER106A	656.0	591.0	65.0	728.0	591.0	137.0	90.09	9.91	81.18	18.82
LTR27B	134.0	121.0	13.0	149.0	121.0	28.0	90.3	9.7	81.21	18.79
LTR3B_	222.0	200.0	22.0	246.0	200.0	46.0	90.09	9.91	81.3	18.7
LTR12B	150.0	135.0	15.0	166.0	135.0	31.0	90.0	10.0	81.33	18.67
MER102b	2835.0	2558.0	277.0	3144.0	2558.0	586.0	90.23	9.77	81.36	18.64
Arthur2	898.0	815.0	83.0	1000.0	815.0	185.0	90.76	9.24	81.5	18.5
L3b	8554.0	7800.0	754.0	9563.0	7800.0	1763.0	91.19	8.81	81.56	18.44
LTR53B	172.0	155.0	17.0	190.0	155.0	35.0	90.12	9.88	81.58	18.42
MamGypLTR2b	778.0	702.0	76.0	860.0	702.0	158.0	90.23	9.77	81.63	18.37
MER3	9765.0	8831.0	934.0	10789.0	8831.0	1958.0	90.44	9.56	81.85	18.15
LTR1B	282.0	262.0	20.0	320.0	262.0	58.0	92.91	7.09	81.88	18.12
LTR22B1	130.0	118.0	12.0	144.0	118.0	26.0	90.77	9.23	81.94	18.06
UCON40	220.0	200.0	20.0	244.0	200.0	44.0	90.91	9.09	81.97	18.03
Charlie26a	466.0	422.0	44.0	513.0	422.0	91.0	90.56	9.44	82.26	17.74
Chap1_Mam	449.0	407.0	42.0	494.0	407.0	87.0	90.65	9.35	82.39	17.61
SVA_F	882.0	801.0	81.0	970.0	801.0	169.0	90.82	9.18	82.58	17.42
MER45A	3150.0	2863.0	287.0	3462.0	2863.0	599.0	90.89	9.11	82.7	17.3
MER5C1	555.0	507.0	48.0	612.0	507.0	105.0	91.35	8.65	82.84	17.16
Arthur1A	1054.0	958.0	96.0	1154.0	958.0	196.0	90.89	9.11	83.02	16.98
MamTip1	689.0	626.0	63.0	754.0	626.0	128.0	90.86	9.14	83.02	16.98
Tigger12c	760.0	692.0	68.0	833.0	692.0	141.0	91.05	8.95	83.07	16.93
Tigger12	804.0	737.0	67.0	887.0	737.0	150.0	91.67	8.33	83.09	16.91
MER2B	1536.0	1400.0	136.0	1682.0	1400.0	282.0	91.15	8.85	83.23	16.77
MER53	5294.0	4834.0	460.0	5798.0	4834.0	964.0	91.31	8.69	83.37	16.63
L1P1	2919.0	2668.0	251.0	3193.0	2668.0	525.0	91.4	8.6	83.56	16.44
LTR12_	496.0	453.0	43.0	541.0	453.0	88.0	91.33	8.67	83.73	16.27
Kanga1c	741.0	682.0	59.0	811.0	682.0	129.0	92.04	7.96	84.09	15.91
LTR2B	295.0	270.0	25.0	321.0	270.0	51.0	91.53	8.47	84.11	15.89
Charlie23a	1347.0	1234.0	113.0	1467.0	1234.0	233.0	91.61	8.39	84.12	15.88
SVA_D	1291.0	1183.0	108.0	1406.0	1183.0	223.0	91.63	8.37	84.14	15.86
Tigger17c	307.0	282.0	25.0	335.0	282.0	53.0	91.86	8.14	84.18	15.82
Tigger7	2657.0	2446.0	211.0	2905.0	2446.0	459.0	92.06	7.94	84.2	15.8
Eutr2	209.0	192.0	17.0	228.0	192.0	36.0	91.87	8.13	84.21	15.79
Chap1a_Mam	1285.0	1184.0	101.0	1403.0	1184.0	219.0	92.14	7.86	84.39	15.61
LTR12F	561.0	514.0	47.0	609.0	514.0	95.0	91.62	8.38	84.4	15.6
LTR22C	12.0	11.0	1.0	13.0	11.0	2.0	91.67	8.33	84.62	15.38
Zaphod5a	71.0	66.0	5.0	78.0	66.0	12.0	92.96	7.04	84.62	15.38
LTR27C	107.0	99.0	8.0	117.0	99.0	18.0	92.52	7.48	84.62	15.38
X4b_DNA	632.0	582.0	50.0	687.0	582.0	105.0	92.09	7.91	84.72	15.28
Tigger4a	3215.0	2961.0	254.0	3484.0	2961.0	523.0	92.1	7.9	84.99	15.01
Charlie10a	280.0	258.0	22.0	303.0	258.0	45.0	92.14	7.86	85.15	14.85
L1M	703.0	648.0	55.0	761.0	648.0	113.0	92.18	7.82	85.15	14.85
Charlie16a	1303.0	1200.0	103.0	1409.0	1200.0	209.0	92.1	7.9	85.17	14.83
LTR13	436.0	402.0	34.0	472.0	402.0	70.0	92.2	7.8	85.17	14.83
MER58D	1030.0	954.0	76.0	1120.0	954.0	166.0	92.62	7.38	85.18	14.82
MER11A	876.0	810.0	66.0	950.0	810.0	140.0	92.47	7.53	85.26	14.74
LTR77	94.0	87.0	7.0	102.0	87.0	15.0	92.55	7.45	85.29	14.71
MamTip1b	408.0	376.0	32.0	440.0	376.0	64.0	92.16	7.84	85.45	14.55
Charlie19a	1470.0	1358.0	112.0	1588.0	1358.0	230.0	92.38	7.62	85.52	14.48
Charlie30b	565.0	524.0	41.0	612.0	524.0	88.0	92.74	7.26	85.62	14.38
LTR12	704.0	652.0	52.0	760.0	652.0	108.0	92.61	7.39	85.79	14.21
LTR1E	274.0	254.0	20.0	295.0	254.0	41.0	92.7	7.3	86.1	13.9
MIR	160896.0	149220.0	11676.0	173153.0	149220.0	23933.0	92.74	7.26	86.18	13.82
UCON44	332.0	308.0	24.0	357.0	308.0	49.0	92.77	7.23	86.27	13.73
AluJb	107846.0	100086.0	7760.0	115950.0	100086.0	15864.0	92.8	7.2	86.32	13.68
Charlie9	936.0	877.0	59.0	1014.0	877.0	137.0	93.7	6.3	86.49	13.51
AluYh3a3	145.0	135.0	10.0	156.0	135.0	21.0	93.1	6.9	86.54	13.46
MER30B	201.0	187.0	14.0	216.0	187.0	29.0	93.03	6.97	86.57	13.43
LTR27	292.0	272.0	20.0	314.0	272.0	42.0	93.15	6.85	86.62	13.38
MER58A	12532.0	11659.0	873.0	13445.0	11659.0	1786.0	93.03	6.97	86.72	13.28
MER1A	2990.0	2786.0	204.0	3207.0	2786.0	421.0	93.18	6.82	86.87	13.13
SVA_E	622.0	579.0	43.0	666.0	579.0	87.0	93.09	6.91	86.94	13.06
EUTREP2	767.0	714.0	53.0	821.0	714.0	107.0	93.09	6.91	86.97	13.03
MER8	1799.0	1678.0	121.0	1929.0	1678.0	251.0	93.27	6.73	86.99	13.01
MER5B	23160.0	21585.0	1575.0	24803.0	21585.0	3218.0	93.2	6.8	87.03	12.97
Charlie10b	254.0	237.0	17.0	272.0	237.0	35.0	93.31	6.69	87.13	12.87
HERV1_LTRd	15.0	14.0	1.0	16.0	14.0	2.0	93.33	6.67	87.5	12.5
HERV1_LTRe	30.0	28.0	2.0	32.0	28.0	4.0	93.33	6.67	87.5	12.5
AluJr	105889.0	98980.0	6909.0	113102.0	98980.0	14122.0	93.48	6.52	87.51	12.49
MER104	2056.0	1926.0	130.0	2192.0	1926.0	266.0	93.68	6.32	87.86	12.14
MER6B	635.0	594.0	41.0	676.0	594.0	82.0	93.54	6.46	87.87	12.13
AluJr4	11421.0	10709.0	712.0	12166.0	10709.0	1457.0	93.77	6.23	88.02	11.98
THE1-int	182.0	171.0	11.0	194.0	171.0	23.0	93.96	6.04	88.14	11.86
LTR1D	277.0	260.0	17.0	295.0	260.0	35.0	93.86	6.14	88.14	11.86
MamRep488	446.0	418.0	28.0	474.0	418.0	56.0	93.72	6.28	88.19	11.81
LTR14A	112.0	105.0	7.0	119.0	105.0	14.0	93.75	6.25	88.24	11.76
MER5A	32542.0	30568.0	1974.0	34610.0	30568.0	4042.0	93.93	6.07	88.32	11.68
X33a_DNA	65.0	61.0	4.0	69.0	61.0	8.0	93.85	6.15	88.41	11.59
Tigger5	496.0	469.0	27.0	530.0	469.0	61.0	94.56	5.44	88.49	11.51
X11_DNA	250.0	235.0	15.0	265.0	235.0	30.0	94.0	6.0	88.68	11.32
MIRb	210322.0	198057.0	12265.0	223029.0	198057.0	24972.0	94.17	5.83	88.8	11.2
X32_DNA	304.0	286.0	18.0	322.0	286.0	36.0	94.08	5.92	88.82	11.18
MER102c	2936.0	2765.0	171.0	3111.0	2765.0	346.0	94.18	5.82	88.88	11.12
LTR13_	34.0	32.0	2.0	36.0	32.0	4.0	94.12	5.88	88.89	11.11
MER103C	8424.0	7944.0	480.0	8922.0	7944.0	978.0	94.3	5.7	89.04	10.96
MER5A1	14916.0	14074.0	842.0	15803.0	14074.0	1729.0	94.36	5.64	89.06	10.94
Charlie30a	434.0	410.0	24.0	460.0	410.0	50.0	94.47	5.53	89.13	10.87
L1P	158.0	149.0	9.0	167.0	149.0	18.0	94.3	5.7	89.22	10.78
MER20	15638.0	14860.0	778.0	16632.0	14860.0	1772.0	95.02	4.98	89.35	10.65
SVA_C	453.0	428.0	25.0	478.0	428.0	50.0	94.48	5.52	89.54	10.46
LTR1F1	209.0	198.0	11.0	221.0	198.0	23.0	94.74	5.26	89.59	10.41
SVA_A	1102.0	1042.0	60.0	1163.0	1042.0	121.0	94.56	5.44	89.6	10.4
EuthAT-N1	73.0	69.0	4.0	77.0	69.0	8.0	94.52	5.48	89.61	10.39
LTR1F2	128.0	121.0	7.0	135.0	121.0	14.0	94.53	5.47	89.63	10.37
LTR3B	82.0	78.0	4.0	87.0	78.0	9.0	95.12	4.88	89.66	10.34
UCON81	37.0	35.0	2.0	39.0	35.0	4.0	94.59	5.41	89.74	10.26
Tigger19b	3365.0	3192.0	173.0	3552.0	3192.0	360.0	94.86	5.14	89.86	10.14
Plat_L3	3162.0	3007.0	155.0	3341.0	3007.0	334.0	95.1	4.9	90.0	10.0
Tigger23a	550.0	522.0	28.0	580.0	522.0	58.0	94.91	5.09	90.0	10.0
MER1B	5058.0	4813.0	245.0	5332.0	4813.0	519.0	95.16	4.84	90.27	9.73
AluJo	42966.0	40825.0	2141.0	45217.0	40825.0	4392.0	95.02	4.98	90.29	9.71
MER105	676.0	642.0	34.0	711.0	642.0	69.0	94.97	5.03	90.3	9.7
Tigger3d	611.0	581.0	30.0	643.0	581.0	62.0	95.09	4.91	90.36	9.64
MamRep1879	1397.0	1329.0	68.0	1466.0	1329.0	137.0	95.13	4.87	90.65	9.35
MamRep38	1990.0	1894.0	96.0	2088.0	1894.0	194.0	95.18	4.82	90.71	9.29
MamRep564	740.0	706.0	34.0	777.0	706.0	71.0	95.41	4.59	90.86	9.14
Charlie32a	252.0	240.0	12.0	264.0	240.0	24.0	95.24	4.76	90.91	9.09
UCON75	21.0	20.0	1.0	22.0	20.0	2.0	95.24	4.76	90.91	9.09
LTR6B	149.0	142.0	7.0	156.0	142.0	14.0	95.3	4.7	91.03	8.97
L2-3_Crp	1642.0	1569.0	73.0	1721.0	1569.0	152.0	95.55	4.45	91.17	8.83
LTR22C2	66.0	63.0	3.0	69.0	63.0	6.0	95.45	4.55	91.3	8.7
UCON58	222.0	212.0	10.0	232.0	212.0	20.0	95.5	4.5	91.38	8.62
hAT-N1a_Mam	440.0	421.0	19.0	460.0	421.0	39.0	95.68	4.32	91.52	8.48
AluSx	117865.0	112740.0	5125.0	123113.0	112740.0	10373.0	95.65	4.35	91.57	8.43
MIRc	96135.0	91970.0	4165.0	100429.0	91970.0	8459.0	95.67	4.33	91.58	8.42
UCON84	103.0	99.0	4.0	108.0	99.0	9.0	96.12	3.88	91.67	8.33
MADE1	7502.0	7184.0	318.0	7830.0	7184.0	646.0	95.76	4.24	91.75	8.25
Zaphod5b	71.0	68.0	3.0	74.0	68.0	6.0	95.77	4.23	91.89	8.11
AluYk12	95.0	91.0	4.0	99.0	91.0	8.0	95.79	4.21	91.92	8.08
EuthAT-N1a	48.0	46.0	2.0	50.0	46.0	4.0	95.83	4.17	92.0	8.0
MER63A	3335.0	3200.0	135.0	3474.0	3200.0	274.0	95.95	4.05	92.11	7.89
MamTip2b	6458.0	6197.0	261.0	6726.0	6197.0	529.0	95.96	4.04	92.13	7.87
UCON27	98.0	94.0	4.0	102.0	94.0	8.0	95.92	4.08	92.16	7.84
EUTREP14	370.0	355.0	15.0	385.0	355.0	30.0	95.95	4.05	92.21	7.79
MamRep434	2020.0	1939.0	81.0	2102.0	1939.0	163.0	95.99	4.01	92.25	7.75
MamGypsy2-LTR	869.0	836.0	33.0	904.0	836.0	68.0	96.2	3.8	92.48	7.52
X2_LINE	180.0	173.0	7.0	187.0	173.0	14.0	96.11	3.89	92.51	7.49
MER11B	527.0	507.0	20.0	548.0	507.0	41.0	96.2	3.8	92.52	7.48
MARE10	78.0	75.0	3.0	81.0	75.0	6.0	96.15	3.85	92.59	7.41
MER11C	810.0	779.0	31.0	841.0	779.0	62.0	96.17	3.83	92.63	7.37
LTR5_Hs	611.0	588.0	23.0	634.0	588.0	46.0	96.24	3.76	92.74	7.26
LTR12C	2558.0	2464.0	94.0	2655.0	2464.0	191.0	96.33	3.67	92.81	7.19
MamSINE1	5621.0	5414.0	207.0	5832.0	5414.0	418.0	96.32	3.68	92.83	7.17
MER91A	3443.0	3319.0	124.0	3569.0	3319.0	250.0	96.4	3.6	93.0	7.0
Tigger19a	3403.0	3282.0	121.0	3528.0	3282.0	246.0	96.44	3.56	93.03	6.97
MER91B	1365.0	1317.0	48.0	1415.0	1317.0	98.0	96.48	3.52	93.07	6.93
UCON101	196.0	189.0	7.0	203.0	189.0	14.0	96.43	3.57	93.1	6.9
X13_LINE	141.0	136.0	5.0	146.0	136.0	10.0	96.45	3.55	93.15	6.85
X23_DNA	57.0	55.0	2.0	59.0	55.0	4.0	96.49	3.51	93.22	6.78
UCON33	129.0	125.0	4.0	134.0	125.0	9.0	96.9	3.1	93.28	6.72
UCON41	547.0	528.0	19.0	566.0	528.0	38.0	96.53	3.47	93.29	6.71
UCON1	233.0	225.0	8.0	241.0	225.0	16.0	96.57	3.43	93.36	6.64
LTR5A	263.0	254.0	9.0	272.0	254.0	18.0	96.58	3.42	93.38	6.62
MER75A	88.0	85.0	3.0	91.0	85.0	6.0	96.59	3.41	93.41	6.59
LTR1B0	88.0	85.0	3.0	91.0	85.0	6.0	96.59	3.41	93.41	6.59
MER94	4578.0	4425.0	153.0	4733.0	4425.0	308.0	96.66	3.34	93.49	6.51
Charlie4z	5731.0	5541.0	190.0	5922.0	5541.0	381.0	96.68	3.32	93.57	6.43
MER124	726.0	702.0	24.0	750.0	702.0	48.0	96.69	3.31	93.6	6.4
hAT-N1_Mam	227.0	221.0	6.0	236.0	221.0	15.0	97.36	2.64	93.64	6.36
Charlie17a	1191.0	1152.0	39.0	1230.0	1152.0	78.0	96.73	3.27	93.66	6.34
X9a_DNA	673.0	652.0	21.0	695.0	652.0	43.0	96.88	3.12	93.81	6.19
UCON17	32.0	31.0	1.0	33.0	31.0	2.0	96.88	3.12	93.94	6.06
AluSz6	39291.0	38083.0	1208.0	40533.0	38083.0	2450.0	96.93	3.07	93.96	6.04
MamTip2	5036.0	4881.0	155.0	5194.0	4881.0	313.0	96.92	3.08	93.97	6.03
CR1-3_Croc	1278.0	1240.0	38.0	1319.0	1240.0	79.0	97.03	2.97	94.01	5.99
Eulor11	98.0	95.0	3.0	101.0	95.0	6.0	96.94	3.06	94.06	5.94
X6a_DNA	952.0	924.0	28.0	982.0	924.0	58.0	97.06	2.94	94.09	5.91
X7B_LINE	871.0	845.0	26.0	898.0	845.0	53.0	97.01	2.99	94.1	5.9
MER96	1226.0	1189.0	37.0	1263.0	1189.0	74.0	96.98	3.02	94.14	5.86
LTR12E	102.0	99.0	3.0	105.0	99.0	6.0	97.06	2.94	94.29	5.71
MIR3	85021.0	82578.0	2443.0	87522.0	82578.0	4944.0	97.13	2.87	94.35	5.65
AmnSINE1	2532.0	2462.0	70.0	2603.0	2462.0	141.0	97.24	2.76	94.58	5.42
MER132	36.0	35.0	1.0	37.0	35.0	2.0	97.22	2.78	94.59	5.41
UCON34	326.0	317.0	9.0	335.0	317.0	18.0	97.24	2.76	94.63	5.37
Tigger14a	1255.0	1221.0	34.0	1290.0	1221.0	69.0	97.29	2.71	94.65	5.35
Eulor6D	74.0	72.0	2.0	76.0	72.0	4.0	97.3	2.7	94.74	5.26
Eulor3	37.0	36.0	1.0	38.0	36.0	2.0	97.3	2.7	94.74	5.26
X7D_LINE	55.0	54.0	1.0	57.0	54.0	3.0	98.18	1.82	94.74	5.26
AluSz	113625.0	110600.0	3025.0	116703.0	110600.0	6103.0	97.34	2.66	94.77	5.23
L2-1_AMi	915.0	891.0	24.0	939.0	891.0	48.0	97.38	2.62	94.89	5.11
UCON76	134.0	131.0	3.0	138.0	131.0	7.0	97.76	2.24	94.93	5.07
L2-1_Crp	39.0	38.0	1.0	40.0	38.0	2.0	97.44	2.56	95.0	5.0
UCON8	200.0	195.0	5.0	205.0	195.0	10.0	97.5	2.5	95.12	4.88
MER133B	40.0	39.0	1.0	41.0	39.0	2.0	97.5	2.5	95.12	4.88
Tigger16b	1288.0	1256.0	32.0	1320.0	1256.0	64.0	97.52	2.48	95.15	4.85
X1_LINE	81.0	79.0	2.0	83.0	79.0	4.0	97.53	2.47	95.18	4.82
X6b_DNA	954.0	931.0	23.0	977.0	931.0	46.0	97.59	2.41	95.29	4.71
AluYi6_4d	42.0	41.0	1.0	43.0	41.0	2.0	97.62	2.38	95.35	4.65
CR1-12_AMi	126.0	123.0	3.0	129.0	123.0	6.0	97.62	2.38	95.35	4.65
Charlie15a	3132.0	3059.0	73.0	3206.0	3059.0	147.0	97.67	2.33	95.41	4.59
SVA_B	769.0	751.0	18.0	787.0	751.0	36.0	97.66	2.34	95.43	4.57
UCON59	43.0	42.0	1.0	44.0	42.0	2.0	97.67	2.33	95.45	4.55
FLAM_C	23414.0	22886.0	528.0	23953.0	22886.0	1067.0	97.74	2.26	95.55	4.45
X7A_LINE	881.0	861.0	20.0	901.0	861.0	40.0	97.73	2.27	95.56	4.44
X7C_LINE	572.0	559.0	13.0	585.0	559.0	26.0	97.73	2.27	95.56	4.44
X4a_DNA	177.0	173.0	4.0	181.0	173.0	8.0	97.74	2.26	95.58	4.42
MER117	4253.0	4158.0	95.0	4349.0	4158.0	191.0	97.77	2.23	95.61	4.39
LTR6A	269.0	263.0	6.0	275.0	263.0	12.0	97.77	2.23	95.64	4.36
MER81	3569.0	3491.0	78.0	3650.0	3491.0	159.0	97.81	2.19	95.64	4.36
MER47C	722.0	706.0	16.0	738.0	706.0	32.0	97.78	2.22	95.66	4.34
AluSx1	102899.0	100668.0	2231.0	105163.0	100668.0	4495.0	97.83	2.17	95.73	4.27
AluSx3	37201.0	36448.0	753.0	37972.0	36448.0	1524.0	97.98	2.02	95.99	4.01
UCON47	150.0	147.0	3.0	153.0	147.0	6.0	98.0	2.0	96.08	3.92
L2-2_Mam	530.0	520.0	10.0	541.0	520.0	21.0	98.11	1.89	96.12	3.88
AluSq2	49989.0	49047.0	942.0	50953.0	49047.0	1906.0	98.12	1.88	96.26	3.74
X30_DNA	740.0	726.0	14.0	754.0	726.0	28.0	98.11	1.89	96.29	3.71
AluSg4	11462.0	11253.0	209.0	11674.0	11253.0	421.0	98.18	1.82	96.39	3.61
X12_LINE	221.0	217.0	4.0	225.0	217.0	8.0	98.19	1.81	96.44	3.56
AluSq	11841.0	11633.0	208.0	12053.0	11633.0	420.0	98.24	1.76	96.52	3.48
UCON12	57.0	56.0	1.0	58.0	56.0	2.0	98.25	1.75	96.55	3.45
UCON70	58.0	57.0	1.0	59.0	57.0	2.0	98.28	1.72	96.61	3.39
X6A_LINE	1019.0	1002.0	17.0	1037.0	1002.0	35.0	98.33	1.67	96.62	3.38
Eulor5A	122.0	120.0	2.0	124.0	120.0	4.0	98.36	1.64	96.77	3.23
MER135	801.0	788.0	13.0	814.0	788.0	26.0	98.38	1.62	96.81	3.19
X12_DNA	1338.0	1317.0	21.0	1359.0	1317.0	42.0	98.43	1.57	96.91	3.09
AluSc8	19781.0	19479.0	302.0	20087.0	19479.0	608.0	98.47	1.53	96.97	3.03
CR1-1_Amn	65.0	64.0	1.0	66.0	64.0	2.0	98.46	1.54	96.97	3.03
UCON4	134.0	132.0	2.0	136.0	132.0	4.0	98.51	1.49	97.06	2.94
AluSg7	5638.0	5556.0	82.0	5722.0	5556.0	166.0	98.55	1.45	97.1	2.9
FAM	4152.0	4092.0	60.0	4214.0	4092.0	122.0	98.55	1.45	97.1	2.9
UCON86	68.0	67.0	1.0	69.0	67.0	2.0	98.53	1.47	97.1	2.9
X6B_LINE	853.0	841.0	12.0	866.0	841.0	25.0	98.59	1.41	97.11	2.89
AluY	95115.0	93753.0	1362.0	96503.0	93753.0	2750.0	98.57	1.43	97.15	2.85
MER127	209.0	206.0	3.0	212.0	206.0	6.0	98.56	1.44	97.17	2.83
AluYj4	2696.0	2658.0	38.0	2735.0	2658.0	77.0	98.59	1.41	97.18	2.82
MARE8	210.0	207.0	3.0	213.0	207.0	6.0	98.57	1.43	97.18	2.82
LFSINE_Vert	2269.0	2238.0	31.0	2301.0	2238.0	63.0	98.63	1.37	97.26	2.74
MER91C	1598.0	1576.0	22.0	1620.0	1576.0	44.0	98.62	1.38	97.28	2.72
X5B_LINE	74.0	73.0	1.0	75.0	73.0	2.0	98.65	1.35	97.33	2.67
AluSc	36616.0	36129.0	487.0	37112.0	36129.0	983.0	98.67	1.33	97.35	2.65
AluSx4	11432.0	11279.0	153.0	11586.0	11279.0	307.0	98.66	1.34	97.35	2.65
MER85	896.0	884.0	12.0	908.0	884.0	24.0	98.66	1.34	97.36	2.64
CR1-16_AMi	301.0	297.0	4.0	305.0	297.0	8.0	98.67	1.33	97.38	2.62
X8_LINE	227.0	224.0	3.0	230.0	224.0	6.0	98.68	1.32	97.39	2.61
FRAM	19716.0	19460.0	256.0	19977.0	19460.0	517.0	98.7	1.3	97.41	2.59
AluYa8	383.0	378.0	5.0	388.0	378.0	10.0	98.69	1.31	97.42	2.58
AluSp	62575.0	61772.0	803.0	63387.0	61772.0	1615.0	98.72	1.28	97.45	2.55
MADE2	2599.0	2566.0	33.0	2632.0	2566.0	66.0	98.73	1.27	97.49	2.51
X20_LINE	158.0	156.0	2.0	160.0	156.0	4.0	98.73	1.27	97.5	2.5
AluSg	41415.0	40900.0	515.0	41936.0	40900.0	1036.0	98.76	1.24	97.53	2.47
X5a_DNA	415.0	410.0	5.0	420.0	410.0	10.0	98.8	1.2	97.62	2.38
AluSq10	1464.0	1447.0	17.0	1482.0	1447.0	35.0	98.84	1.16	97.64	2.36
AluYh9	171.0	169.0	2.0	173.0	169.0	4.0	98.83	1.17	97.69	2.31
MamRep1894	687.0	679.0	8.0	695.0	679.0	16.0	98.84	1.16	97.7	2.3
X17_LINE	944.0	933.0	11.0	955.0	933.0	22.0	98.83	1.17	97.7	2.3
UCON6	89.0	88.0	1.0	90.0	88.0	2.0	98.88	1.12	97.78	2.22
AluSc5	4039.0	3994.0	45.0	4084.0	3994.0	90.0	98.89	1.11	97.8	2.2
MER126	270.0	267.0	3.0	273.0	267.0	6.0	98.89	1.11	97.8	2.2
AluYb9	368.0	364.0	4.0	372.0	364.0	8.0	98.91	1.09	97.85	2.15
AluYm1	4532.0	4484.0	48.0	4580.0	4484.0	96.0	98.94	1.06	97.9	2.1
AluYc	6497.0	6430.0	67.0	6566.0	6430.0	136.0	98.97	1.03	97.93	2.07
UCON14	96.0	95.0	1.0	97.0	95.0	2.0	98.96	1.04	97.94	2.06
MIR1_Amn	11608.0	11490.0	118.0	11727.0	11490.0	237.0	98.98	1.02	97.98	2.02
AluSq4	1583.0	1567.0	16.0	1599.0	1567.0	32.0	98.99	1.01	98.0	2.0
CR1-13_AMi	99.0	98.0	1.0	100.0	98.0	2.0	98.99	1.01	98.0	2.0
UCON55	401.0	397.0	4.0	405.0	397.0	8.0	99.0	1.0	98.02	1.98
UCON38	204.0	202.0	2.0	206.0	202.0	4.0	99.02	0.98	98.06	1.94
AluYk3	5937.0	5879.0	58.0	5995.0	5879.0	116.0	99.02	0.98	98.07	1.93
X2a_DNA	415.0	411.0	4.0	419.0	411.0	8.0	99.04	0.96	98.09	1.91
UCON39	105.0	104.0	1.0	106.0	104.0	2.0	99.05	0.95	98.11	1.89
AluYf1	1939.0	1921.0	18.0	1957.0	1921.0	36.0	99.07	0.93	98.16	1.84
Penelope1_Vert	1076.0	1066.0	10.0	1086.0	1066.0	20.0	99.07	0.93	98.16	1.84
AmnSINE2	645.0	639.0	6.0	651.0	639.0	12.0	99.07	0.93	98.16	1.84
OldhAT1	4169.0	4131.0	38.0	4208.0	4131.0	77.0	99.09	0.91	98.17	1.83
X24_LINE	546.0	541.0	5.0	551.0	541.0	10.0	99.08	0.92	98.19	1.81
AluYc3	561.0	556.0	5.0	566.0	556.0	10.0	99.11	0.89	98.23	1.77
AluYg6	808.0	801.0	7.0	815.0	801.0	14.0	99.13	0.87	98.28	1.72
UCON29	230.0	228.0	2.0	232.0	228.0	4.0	99.13	0.87	98.28	1.72
UCON31	116.0	115.0	1.0	117.0	115.0	2.0	99.14	0.86	98.29	1.71
AluYh7	467.0	463.0	4.0	471.0	463.0	8.0	99.14	0.86	98.3	1.7
X15_LINE	237.0	235.0	2.0	239.0	235.0	4.0	99.16	0.84	98.33	1.67
FLAM_A	14754.0	14635.0	119.0	14873.0	14635.0	238.0	99.19	0.81	98.4	1.6
UCON7	124.0	123.0	1.0	125.0	123.0	2.0	99.19	0.81	98.4	1.6
Eulor9A	124.0	123.0	1.0	125.0	123.0	2.0	99.19	0.81	98.4	1.6
MER94B	622.0	617.0	5.0	627.0	617.0	10.0	99.2	0.8	98.41	1.59
UCON28a	128.0	127.0	1.0	129.0	127.0	2.0	99.22	0.78	98.45	1.55
AluYk2	6509.0	6459.0	50.0	6559.0	6459.0	100.0	99.23	0.77	98.48	1.52
UCON2	136.0	135.0	1.0	137.0	135.0	2.0	99.26	0.74	98.54	1.46
AluYe5	1283.0	1274.0	9.0	1292.0	1274.0	18.0	99.3	0.7	98.61	1.39
X10b_DNA	296.0	294.0	2.0	298.0	294.0	4.0	99.32	0.68	98.66	1.34
X24_DNA	450.0	447.0	3.0	453.0	447.0	6.0	99.33	0.67	98.68	1.32
MARE4	305.0	303.0	2.0	307.0	303.0	4.0	99.34	0.66	98.7	1.3
CR1-L3A_Croc	313.0	311.0	2.0	315.0	311.0	4.0	99.36	0.64	98.73	1.27
UCON35	169.0	168.0	1.0	170.0	168.0	2.0	99.41	0.59	98.82	1.18
UCON37	170.0	169.0	1.0	171.0	169.0	2.0	99.41	0.59	98.83	1.17
AluYk11	172.0	171.0	1.0	173.0	171.0	2.0	99.42	0.58	98.84	1.16
MER131	1102.0	1096.0	6.0	1108.0	1096.0	12.0	99.46	0.54	98.92	1.08
X2b_DNA	189.0	188.0	1.0	190.0	188.0	2.0	99.47	0.53	98.95	1.05
AluYe6	195.0	194.0	1.0	196.0	194.0	2.0	99.49	0.51	98.98	1.02
X9_LINE	646.0	643.0	3.0	649.0	643.0	6.0	99.54	0.46	99.08	0.92
UCON73	248.0	247.0	1.0	249.0	247.0	2.0	99.6	0.4	99.2	0.8
UCON71_Crp	276.0	275.0	1.0	277.0	275.0	2.0	99.64	0.36	99.28	0.72
AluYh3	649.0	647.0	2.0	651.0	647.0	4.0	99.69	0.31	99.39	0.61
AluYk4	1080.0	1077.0	3.0	1083.0	1077.0	6.0	99.72	0.28	99.45	0.55
AluYb8	2622.0	2616.0	6.0	2628.0	2616.0	12.0	99.77	0.23	99.54	0.46
AluYa5	3736.0	3735.0	1.0	3737.0	3735.0	2.0	99.97	0.03	99.95	0.05
UCON5	122.0	122.0	0.0	122.0	122.0	0.0	100.0	0.0	100.0	0.0
UCON26	204.0	204.0	0.0	204.0	204.0	0.0	100.0	0.0	100.0	0.0
UCON25	50.0	50.0	0.0	50.0	50.0	0.0	100.0	0.0	100.0	0.0
UCON49	107.0	107.0	0.0	107.0	107.0	0.0	100.0	0.0	100.0	0.0
UCON24	22.0	22.0	0.0	22.0	22.0	0.0	100.0	0.0	100.0	0.0
UCON22	37.0	37.0	0.0	37.0	37.0	0.0	100.0	0.0	100.0	0.0
UCON21	29.0	29.0	0.0	29.0	29.0	0.0	100.0	0.0	100.0	0.0
UCON80_AMi	220.0	220.0	0.0	220.0	220.0	0.0	100.0	0.0	100.0	0.0
UCON28b	75.0	75.0	0.0	75.0	75.0	0.0	100.0	0.0	100.0	0.0
AluYd8	226.0	226.0	0.0	226.0	226.0	0.0	100.0	0.0	100.0	0.0
UCON28c	66.0	66.0	0.0	66.0	66.0	0.0	100.0	0.0	100.0	0.0
UCON23	31.0	31.0	0.0	31.0	31.0	0.0	100.0	0.0	100.0	0.0
Eulor12	57.0	57.0	0.0	57.0	57.0	0.0	100.0	0.0	100.0	0.0
HERV-Fc1_LTR2	3.0	3.0	0.0	3.0	3.0	0.0	100.0	0.0	100.0	0.0
Eulor10	39.0	39.0	0.0	39.0	39.0	0.0	100.0	0.0	100.0	0.0
Eulor2C	40.0	40.0	0.0	40.0	40.0	0.0	100.0	0.0	100.0	0.0
Eulor2B	58.0	58.0	0.0	58.0	58.0	0.0	100.0	0.0	100.0	0.0
Eulor2A	68.0	68.0	0.0	68.0	68.0	0.0	100.0	0.0	100.0	0.0
Eulor6C	21.0	21.0	0.0	21.0	21.0	0.0	100.0	0.0	100.0	0.0
Eulor6B	63.0	63.0	0.0	63.0	63.0	0.0	100.0	0.0	100.0	0.0
Eulor6A	30.0	30.0	0.0	30.0	30.0	0.0	100.0	0.0	100.0	0.0
UCON56	15.0	15.0	0.0	15.0	15.0	0.0	100.0	0.0	100.0	0.0
UCON57	22.0	22.0	0.0	22.0	22.0	0.0	100.0	0.0	100.0	0.0
L2-3_AMi	11.0	11.0	0.0	11.0	11.0	0.0	100.0	0.0	100.0	0.0
MER133A	54.0	54.0	0.0	54.0	54.0	0.0	100.0	0.0	100.0	0.0
MER134	90.0	90.0	0.0	90.0	90.0	0.0	100.0	0.0	100.0	0.0
MER136	28.0	28.0	0.0	28.0	28.0	0.0	100.0	0.0	100.0	0.0
EUTREP6	12.0	12.0	0.0	12.0	12.0	0.0	100.0	0.0	100.0	0.0
Eulor1	84.0	84.0	0.0	84.0	84.0	0.0	100.0	0.0	100.0	0.0
MER125	138.0	138.0	0.0	138.0	138.0	0.0	100.0	0.0	100.0	0.0
MER130	181.0	181.0	0.0	181.0	181.0	0.0	100.0	0.0	100.0	0.0
Chompy-6_Croc	13.0	13.0	0.0	13.0	13.0	0.0	100.0	0.0	100.0	0.0
Chompy-7_Croc	17.0	17.0	0.0	17.0	17.0	0.0	100.0	0.0	100.0	0.0
MLT1M-int	1.0	1.0	0.0	1.0	1.0	0.0	100.0	0.0	100.0	0.0
Eulor4	32.0	32.0	0.0	32.0	32.0	0.0	100.0	0.0	100.0	0.0
Eulor5B	43.0	43.0	0.0	43.0	43.0	0.0	100.0	0.0	100.0	0.0
MARE9	29.0	29.0	0.0	29.0	29.0	0.0	100.0	0.0	100.0	0.0
Eulor7	12.0	12.0	0.0	12.0	12.0	0.0	100.0	0.0	100.0	0.0
MARE11	13.0	13.0	0.0	13.0	13.0	0.0	100.0	0.0	100.0	0.0
HERV-Fc1-int	6.0	6.0	0.0	6.0	6.0	0.0	100.0	0.0	100.0	0.0
Eulor9C	105.0	105.0	0.0	105.0	105.0	0.0	100.0	0.0	100.0	0.0
Eulor9B	29.0	29.0	0.0	29.0	29.0	0.0	100.0	0.0	100.0	0.0
Eulor8	142.0	142.0	0.0	142.0	142.0	0.0	100.0	0.0	100.0	0.0
Eulor6E	30.0	30.0	0.0	30.0	30.0	0.0	100.0	0.0	100.0	0.0
MER123	46.0	46.0	0.0	46.0	46.0	0.0	100.0	0.0	100.0	0.0
LTR21C	22.0	22.0	0.0	22.0	22.0	0.0	100.0	0.0	100.0	0.0
X1_LR	15.0	15.0	0.0	15.0	15.0	0.0	100.0	0.0	100.0	0.0
UCON83	49.0	49.0	0.0	49.0	49.0	0.0	100.0	0.0	100.0	0.0
AluYi6	448.0	448.0	0.0	448.0	448.0	0.0	100.0	0.0	100.0	0.0
X21_LINE	46.0	46.0	0.0	46.0	46.0	0.0	100.0	0.0	100.0	0.0
X34_DNA	98.0	98.0	0.0	98.0	98.0	0.0	100.0	0.0	100.0	0.0
X22_DNA	25.0	25.0	0.0	25.0	25.0	0.0	100.0	0.0	100.0	0.0
UCON97	40.0	40.0	0.0	40.0	40.0	0.0	100.0	0.0	100.0	0.0
UCON99	55.0	55.0	0.0	55.0	55.0	0.0	100.0	0.0	100.0	0.0
UCON96	18.0	18.0	0.0	18.0	18.0	0.0	100.0	0.0	100.0	0.0
UCON103	14.0	14.0	0.0	14.0	14.0	0.0	100.0	0.0	100.0	0.0
UCON100	19.0	19.0	0.0	19.0	19.0	0.0	100.0	0.0	100.0	0.0
CR1-8_Crp	5.0	5.0	0.0	5.0	5.0	0.0	100.0	0.0	100.0	0.0
CR1-L3B_Croc	38.0	38.0	0.0	38.0	38.0	0.0	100.0	0.0	100.0	0.0
CR1-11_Crp	24.0	24.0	0.0	24.0	24.0	0.0	100.0	0.0	100.0	0.0
hAT-16_Crp	23.0	23.0	0.0	23.0	23.0	0.0	100.0	0.0	100.0	0.0
UCON87	6.0	6.0	0.0	6.0	6.0	0.0	100.0	0.0	100.0	0.0
UCON85	28.0	28.0	0.0	28.0	28.0	0.0	100.0	0.0	100.0	0.0
UCON94	31.0	31.0	0.0	31.0	31.0	0.0	100.0	0.0	100.0	0.0
UCON93	27.0	27.0	0.0	27.0	27.0	0.0	100.0	0.0	100.0	0.0
UCON92	19.0	19.0	0.0	19.0	19.0	0.0	100.0	0.0	100.0	0.0
UCON9	49.0	49.0	0.0	49.0	49.0	0.0	100.0	0.0	100.0	0.0
UCON88	32.0	32.0	0.0	32.0	32.0	0.0	100.0	0.0	100.0	0.0
UCON12A	23.0	23.0	0.0	23.0	23.0	0.0	100.0	0.0	100.0	0.0
UCON16	37.0	37.0	0.0	37.0	37.0	0.0	100.0	0.0	100.0	0.0
UCON15	49.0	49.0	0.0	49.0	49.0	0.0	100.0	0.0	100.0	0.0
UCON64	16.0	16.0	0.0	16.0	16.0	0.0	100.0	0.0	100.0	0.0
UCON63	14.0	14.0	0.0	14.0	14.0	0.0	100.0	0.0	100.0	0.0
UCON62	24.0	24.0	0.0	24.0	24.0	0.0	100.0	0.0	100.0	0.0
UCON61	16.0	16.0	0.0	16.0	16.0	0.0	100.0	0.0	100.0	0.0
UCON60	38.0	38.0	0.0	38.0	38.0	0.0	100.0	0.0	100.0	0.0
UCON20	43.0	43.0	0.0	43.0	43.0	0.0	100.0	0.0	100.0	0.0
UCON19	31.0	31.0	0.0	31.0	31.0	0.0	100.0	0.0	100.0	0.0
UCON18	32.0	32.0	0.0	32.0	32.0	0.0	100.0	0.0	100.0	0.0
UCON11	45.0	45.0	0.0	45.0	45.0	0.0	100.0	0.0	100.0	0.0
UCON71	17.0	17.0	0.0	17.0	17.0	0.0	100.0	0.0	100.0	0.0
UCON67	20.0	20.0	0.0	20.0	20.0	0.0	100.0	0.0	100.0	0.0
UCON68	12.0	12.0	0.0	12.0	12.0	0.0	100.0	0.0	100.0	0.0
UCON65	32.0	32.0	0.0	32.0	32.0	0.0	100.0	0.0	100.0	0.0
UCON66	63.0	63.0	0.0	63.0	63.0	0.0	100.0	0.0	100.0	0.0
UCON78	177.0	177.0	0.0	177.0	177.0	0.0	100.0	0.0	100.0	0.0
Alu	7662.0	7662.0	0.0	7662.0	7662.0	0.0	100.0	0.0	100.0	0.0
